Supplementary Data SD3/Tbarrerae/prec4.asc
ncols  480
nrows  799
xllcorner  -73.5
yllcorner  -55
cellsize 0.0416666666666667
NODATA_value  -9999
[rows 616 to 659 of 799, columns 0 to 95 of 480]
146 143 145 140 138 136 132 125 125 117 114 110 107 106 104 98 94 91 87 83 80 76 75 73 70 66 62 58 56 54 52 54 55 50 50 45 40 39 37 35 33 31 30 29 30 31 29 24 24 24 23 22 21 20 19 19 18 18 18 17 17 17 17 17 17 16 16 16 16 16 16 16 16 16 17 17 17 17 17 17 17 18 18 18 18 18 18 19 19 19 19 20 20 20 20 20
144 144 149 145 136 136 130 122 123 116 114 110 107 107 102 96 93 90 86 84 80 76 73 71 69 64 61 59 57 54 52 55 50 47 44 41 39 38 37 36 34 31 30 29 28 27 26 26 25 24 23 22 21 20 19 19 18 18 18 17 17 17 17 17 17 16 16 16 16 16 16 16 16 16 17 17 17 17 17 17 17 17 17 18 18 18 18 18 19 19 19 19 20 20 20 20
152 149 150 148 143 140 128 124 121 117 114 110 109 109 102 96 93 89 87 83 80 76 72 69 67 65 62 59 57 54 53 50 47 48 48 47 42 37 37 36 34 32 30 30 29 28 27 26 25 24 22 21 21 20 19 19 18 18 18 17 17 17 17 17 17 16 16 16 16 16 16 16 16 16 16 17 17 17 17 17 17 17 17 18 18 18 18 18 19 19 19 19 20 20 20 20
155 144 144 140 135 135 135 129 124 120 117 113 108 103 102 98 93 89 85 83 81 78 73 70 69 70 64 65 60 56 57 57 50 52 48 46 43 39 37 36 34 33 31 30 29 28 27 26 24 23 22 21 21 20 20 19 19 18 18 18 18 17 17 17 17 16 16 16 16 16 16 16 16 16 16 17 17 17 17 17 17 17 17 18 18 18 18 18 19 19 19 19 19 19 20 20
158 149 147 144 139 137 134 128 126 125 118 109 106 102 100 98 93 90 85 82 81 78 74 69 70 71 70 71 68 57 59 57 54 52 47 47 43 41 39 35 34 33 31 30 29 28 27 25 24 23 22 21 21 20 20 19 19 19 19 18 18 17 17 17 17 16 16 16 16 16 16 16 16 16 16 16 17 17 17 17 17 17 17 17 17 18 18 18 18 19 19 19 19 19 19 19
160 154 144 143 138 134 130 124 120 121 120 112 107 105 101 98 92 89 86 83 78 79 78 70 66 67 69 74 70 59 56 52 53 53 52 48 44 40 38 37 34 32 31 29 28 28 26 25 24 23 22 22 21 20 20 21 20 19 19 18 18 17 17 17 17 16 16 16 16 16 16 16 16 16 16 16 17 17 17 17 17 17 17 17 18 18 18 18 18 18 18 18 19 19 19 19
162 156 145 140 136 133 128 125 124 122 120 116 110 103 99 96 95 88 85 84 79 76 77 70 66 67 70 72 60 62 60 53 50 54 52 48 44 42 41 39 39 37 35 33 33 31 27 26 25 24 23 23 22 21 21 20 20 19 19 18 17 17 17 17 17 16 16 16 16 16 16 16 16 16 16 16 16 16 17 17 17 17 17 17 17 17 18 18 18 18 18 18 18 18 19 19
157 155 147 146 142 137 132 131 129 125 121 114 107 102 99 95 94 88 85 84 80 76 74 69 68 67 64 63 61 65 62 54 50 52 52 47 46 44 46 47 45 42 38 35 32 29 29 27 25 24 24 23 22 21 21 20 20 19 19 18 18 17 17 17 17 16 16 16 16 16 16 16 16 16 16 16 16 16 16 17 17 17 17 17 17 17 17 18 18 18 18 18 18 18 18 19
158 155 147 143 142 143 137 133 127 118 115 112 105 102 98 95 92 89 85 83 78 76 74 72 70 71 67 59 64 59 60 53 47 48 51 45 45 44 45 48 45 42 39 35 33 31 29 27 25 25 25 24 22 21 21 20 20 19 19 18 18 17 17 17 17 16 16 16 16 16 16 16 16 16 16 16 16 16 16 16 17 17 17 17 17 17 17 17 17 18 18 18 18 18 18 18
159 159 157 150 148 140 130 126 125 116 113 110 106 101 98 95 92 88 84 81 79 78 76 71 70 67 63 59 57 54 51 49 48 45 45 45 44 42 44 46 46 43 39 37 34 31 28 26 26 26 25 24 23 22 21 20 19 19 18 18 18 18 17 17 17 16 16 16 16 16 16 16 16 16 16 16 16 16 16 16 16 17 17 17 17 17 17 17 17 17 17 17 18 18 18 18
167 164 157 143 141 133 128 125 122 118 113 108 105 101 98 95 92 88 84 81 81 78 74 70 69 64 61 61 62 57 51 49 47 45 43 42 41 42 43 44 45 43 39 35 32 30 28 27 27 26 25 23 22 21 21 20 20 19 19 18 18 18 17 17 17 16 16 16 16 16 16 16 16 16 16 16 16 16 16 16 16 16 16 17 17 17 17 17 17 17 17 17 17 18 18 18
167 159 145 143 142 134 128 125 121 118 112 109 105 101 98 94 92 88 84 81 79 76 72 69 67 65 64 63 56 53 51 49 47 45 43 41 40 39 40 40 41 39 36 35 34 32 29 28 27 26 25 24 23 22 21 20 20 19 19 18 18 17 17 17 17 16 16 16 16 16 16 16 16 16 16 16 16 16 16 16 16 16 16 16 16 16 17 17 17 17 17 17 17 17 17 18
170 160 150 143 143 134 129 123 121 119 112 108 105 102 98 94 91 89 84 81 78 74 71 70 68 68 65 61 57 60 58 55 54 46 43 41 40 38 37 38 41 38 36 35 32 30 30 29 27 26 25 24 22 22 21 20 20 19 19 18 18 17 17 17 16 16 16 16 16 16 16 16 16 16 16 16 16 16 16 16 16 16 16 16 16 16 16 17 17 17 17 17 17 17 17 17
168 164 155 152 148 141 134 127 121 118 112 108 105 103 98 94 92 89 85 81 77 75 71 70 67 64 62 58 58 57 53 54 52 46 43 41 40 38 36 36 38 38 36 35 34 31 30 28 26 25 24 24 23 22 21 20 20 19 19 18 18 17 17 17 16 16 16 16 16 16 15 15 15 15 15 15 15 15 16 16 16 16 16 16 16 16 16 16 16 17 17 17 17 17 17 17
168 162 154 147 143 136 136 132 127 120 112 109 105 103 97 94 92 88 86 81 77 74 71 68 67 67 63 57 57 57 53 52 51 48 44 42 40 38 37 35 34 34 33 31 30 29 28 27 26 25 24 23 22 22 21 20 20 19 19 18 17 17 17 17 17 16 16 16 16 16 15 15 15 15 15 15 15 15 15 15 15 16 16 16 16 16 16 16 16 16 16 17 17 17 17 17
161 157 148 144 140 137 136 125 126 121 115 112 106 104 97 94 90 88 86 82 77 74 72 69 65 66 64 58 55 57 53 53 53 49 46 43 40 38 37 35 33 32 31 31 30 29 28 26 25 24 24 23 22 22 21 21 20 19 19 18 17 17 17 17 17 16 16 16 16 16 15 15 15 15 15 15 15 15 15 15 15 15 16 16 16 16 16 16 16 16 16 16 16 16 17 17
160 153 148 147 143 139 135 125 124 118 112 110 106 103 97 93 90 87 85 80 77 74 71 68 65 65 64 60 56 56 55 51 50 48 45 43 43 40 37 36 34 32 31 30 30 28 27 26 25 24 23 22 23 22 21 20 19 19 18 18 17 17 17 16 16 16 16 16 15 15 15 15 15 15 15 15 15 15 15 15 15 15 15 15 15 16 16 16 16 16 16 16 16 16 16 16
170 157 148 144 140 138 136 125 124 121 112 108 105 104 98 94 90 86 83 80 78 77 71 67 65 63 62 62 58 54 55 53 53 48 47 43 41 40 38 36 34 32 31 30 29 28 27 26 25 24 23 22 22 22 20 20 19 19 18 18 17 17 17 16 16 16 16 15 15 15 15 15 15 15 15 15 15 15 15 15 15 15 15 15 15 15 15 16 16 16 16 16 16 16 16 16
170 164 158 151 142 141 136 126 124 123 115 108 104 101 97 94 90 87 83 80 77 75 72 69 65 62 60 59 60 55 53 52 54 49 45 42 41 39 37 35 33 32 31 30 29 28 27 26 25 24 23 22 21 21 20 20 19 18 18 18 17 17 17 16 16 16 16 15 15 15 15 15 15 15 15 15 14 15 15 15 15 15 15 15 15 15 15 15 15 16 16 16 16 16 16 16
170 162 157 153 148 139 129 126 126 118 115 108 104 100 97 93 90 87 83 80 78 74 72 71 69 65 61 57 54 53 51 50 53 53 46 43 41 39 37 36 33 32 32 31 29 28 27 26 25 24 23 22 21 21 20 20 19 19 18 18 18 17 17 16 16 16 16 15 15 15 15 15 15 15 15 15 15 15 15 14 14 15 15 15 15 15 15 15 15 15 15 16 16 16 16 16
170 161 149 149 148 141 134 130 124 117 114 108 104 100 97 93 89 87 84 79 76 74 70 70 66 65 62 57 54 52 50 48 50 51 46 44 41 39 38 36 33 32 32 30 29 28 27 26 25 24 23 22 21 21 20 20 19 19 18 18 18 17 17 16 16 16 16 15 15 15 15 15 15 15 15 15 15 15 14 14 14 14 14 15 15 15 15 15 15 15 15 15 15 16 16 16
169 163 149 149 148 137 130 130 124 116 112 110 104 100 97 93 89 86 84 80 76 73 70 67 64 62 61 57 54 52 50 48 48 52 47 45 42 40 38 35 33 32 31 30 28 27 26 25 24 24 23 22 21 21 20 19 19 18 18 18 17 17 16 16 16 15 15 15 15 15 15 14 15 15 15 15 14 14 14 14 14 14 14 14 14 15 15 15 15 15 15 15 15 15 15 15
167 159 151 146 144 141 134 127 123 116 113 110 105 100 96 93 89 86 84 80 76 72 69 67 64 62 61 57 54 52 50 48 46 50 45 42 40 38 36 34 33 32 31 29 28 27 27 27 26 25 24 23 22 21 20 20 19 18 18 17 17 16 16 16 16 16 15 15 15 15 14 14 14 15 14 14 14 14 14 14 14 14 14 14 14 14 14 15 15 15 15 15 15 15 15 15
164 154 151 148 146 137 131 124 121 118 113 109 105 100 96 93 89 87 83 79 76 72 69 66 64 63 60 59 59 53 50 48 46 44 42 40 39 37 36 34 33 32 31 29 29 29 29 28 27 26 24 23 22 22 21 20 19 19 18 18 17 16 16 16 15 15 15 14 14 14 14 14 14 14 14 14 14 14 14 14 14 14 14 14 14 14 14 14 14 15 15 15 15 15 15 15
161 152 145 142 140 136 128 125 120 115 111 108 105 100 96 92 89 86 85 80 76 72 69 67 65 63 63 59 56 52 50 47 45 44 42 40 39 37 36 34 33 32 31 30 30 29 28 27 26 25 24 23 22 21 20 20 19 19 18 18 17 16 16 15 15 15 15 14 14 14 14 14 13 13 14 14 14 14 14 14 14 14 14 14 14 14 14 14 14 14 14 15 15 15 15 15
157 147 142 140 136 133 129 124 119 115 111 109 104 100 96 92 89 85 83 80 76 73 69 67 66 65 64 62 58 55 51 48 45 44 43 41 40 38 36 34 34 33 32 32 31 30 28 27 26 25 24 23 22 21 20 19 19 18 18 18 17 17 16 16 16 15 15 14 14 14 14 13 13 13 13 14 14 14 14 14 14 14 14 14 14 14 14 14 14 14 14 14 14 15 15 15
152 146 142 137 133 131 127 123 119 116 111 107 103 99 95 92 89 85 81 78 75 72 69 67 65 64 67 64 60 55 51 50 47 43 42 40 39 37 36 37 37 34 34 33 32 30 29 28 26 25 24 23 22 21 20 20 19 19 18 18 17 17 16 16 16 15 15 15 14 14 14 13 13 13 13 13 14 14 14 14 14 14 14 14 13 13 14 14 14 14 14 14 14 15 14 15
151 146 142 137 133 130 127 123 120 115 111 107 103 99 96 92 88 85 81 78 76 72 69 69 67 67 64 63 59 57 55 51 47 44 43 42 39 38 37 39 38 36 36 35 32 30 29 28 26 25 24 23 22 21 21 20 19 19 18 18 17 17 16 16 15 15 14 14 14 13 13 13 13 13 13 14 14 14 14 14 14 14 14 13 13 13 13 14 14 14 14 14 14 14 14 14
151 147 142 138 134 130 127 123 120 115 111 107 104 98 96 92 88 85 82 79 77 72 69 66 65 62 64 63 60 58 53 51 49 45 43 42 41 41 40 40 38 37 37 36 34 31 30 28 27 25 24 23 22 21 21 20 19 19 18 17 17 17 16 16 15 14 14 14 13 13 13 13 13 13 14 14 14 14 14 14 14 14 14 14 14 14 13 13 13 14 14 14 14 14 14 14
151 147 143 138 134 131 128 123 119 115 112 107 102 99 98 92 87 84 83 81 75 72 69 66 65 64 62 63 59 57 58 53 48 46 45 44 44 43 42 39 39 38 37 36 34 32 30 29 28 26 24 23 22 21 21 20 19 19 18 17 17 17 16 16 15 15 14 13 13 13 13 13 13 14 14 14 14 14 13 13 13 13 13 13 13 14 14 14 13 13 13 14 14 14 14 14
152 147 143 138 134 131 129 124 120 116 111 107 102 101 98 92 87 84 82 81 75 71 69 66 64 63 61 61 61 57 52 50 49 49 47 46 45 42 41 39 38 37 36 35 35 33 30 31 29 26 25 23 22 21 21 20 19 19 18 17 17 16 16 16 15 15 14 13 13 13 13 14 13 13 13 14 13 13 13 13 13 13 13 13 13 13 13 13 13 13 13 13 14 14 14 14
152 147 142 138 134 131 129 124 120 116 111 107 102 99 97 93 87 84 83 81 79 73 68 66 65 61 62 59 61 57 54 51 50 50 49 46 44 42 40 38 36 35 34 35 33 30 29 30 29 26 24 23 22 21 20 20 19 18 18 17 17 16 16 15 15 14 13 13 13 13 12 13 12 12 11 11 12 12 12 12 12 12 13 13 13 13 13 13 13 13 13 13 13 13 14 14
151 145 142 139 135 130 127 125 120 116 111 106 102 99 94 91 87 84 81 82 77 76 68 65 67 65 60 57 61 58 54 53 53 49 49 48 44 42 40 37 35 33 34 32 31 29 27 28 27 24 22 22 21 21 20 19 19 18 18 17 17 16 16 15 15 14 13 13 13 12 12 12 11 11 11 11 11 11 11 12 12 12 12 12 12 13 13 13 13 13 13 13 13 13 13 13
151 146 143 140 135 131 127 124 119 116 111 106 102 98 94 90 87 83 80 82 80 75 68 65 62 61 63 60 55 57 54 53 49 48 48 46 45 42 39 38 35 33 31 30 30 29 26 26 25 23 22 21 20 19 19 18 19 18 18 17 17 16 16 15 14 14 13 13 12 12 12 12 11 11 11 10 10 10 11 11 12 12 12 12 12 12 12 13 13 13 13 13 13 13 13 13
153 148 144 140 136 131 127 124 120 115 110 106 103 99 94 91 87 83 80 78 78 72 68 65 62 59 62 59 54 57 51 48 48 51 51 45 43 40 38 37 35 34 30 29 28 27 25 25 24 22 21 21 20 19 18 18 17 17 17 17 16 16 15 14 14 13 13 13 12 12 12 12 12 12 12 11 11 10 11 11 11 12 12 12 12 12 12 12 12 12 13 13 13 13 13 13
153 149 145 141 136 132 127 123 119 114 111 107 103 99 94 91 88 83 80 77 73 70 67 64 62 59 58 56 57 52 48 48 50 53 48 44 42 39 38 36 34 33 31 29 27 26 25 24 25 23 21 20 20 19 18 18 17 17 16 16 15 15 14 14 14 13 13 13 12 12 13 13 13 13 13 12 10 10 11 11 11 12 12 12 12 12 12 12 12 12 13 13 13 13 13 13
153 149 145 141 136 132 128 124 119 115 112 106 102 98 95 92 88 83 80 76 73 70 67 64 61 59 56 54 52 49 48 48 51 51 46 43 41 39 37 36 34 33 31 29 27 26 25 24 24 22 21 20 20 19 18 18 17 17 16 16 15 15 14 14 14 13 13 13 14 14 13 13 13 13 13 11 10 10 11 11 11 11 12 12 12 12 12 12 12 12 12 13 13 13 13 13
153 148 144 140 136 131 127 123 120 115 110 106 102 99 97 92 87 86 80 77 75 70 67 64 61 59 56 54 51 49 48 48 51 50 47 44 41 38 37 35 34 33 30 28 27 25 24 23 23 22 21 20 19 19 18 17 17 16 16 16 15 15 14 14 14 14 14 14 14 13 13 13 13 13 12 11 11 11 11 11 11 12 12 12 12 12 12 12 12 12 12 12 13 13 13 13
150 148 144 140 136 131 127 123 119 114 110 106 102 98 94 90 88 86 79 78 78 72 66 64 61 58 56 53 54 50 47 47 48 48 46 43 40 39 37 36 34 33 31 30 28 26 24 23 22 22 21 20 19 19 18 17 17 16 16 15 15 15 15 15 15 14 14 14 13 13 13 13 13 12 11 11 11 11 11 11 12 12 12 12 12 12 12 12 12 12 12 12 12 13 13 13
148 147 144 140 135 131 127 123 118 114 110 106 104 99 95 89 89 85 83 76 76 71 66 64 64 58 55 54 53 49 46 45 47 47 45 41 39 38 37 35 34 33 31 30 29 27 25 24 22 21 21 20 19 18 18 17 17 16 16 15 15 15 16 15 14 14 13 13 12 12 12 12 12 11 11 11 11 11 11 11 11 11 12 12 12 12 12 12 12 12 12 12 12 12 13 13
148 146 143 139 135 131 127 123 118 114 110 108 103 99 94 91 88 85 81 77 77 70 66 65 62 58 55 53 50 48 46 44 43 42 43 42 40 36 34 34 34 33 31 30 29 27 26 25 23 21 21 20 19 18 18 17 17 16 16 15 15 15 15 15 15 14 13 13 12 12 12 11 11 11 11 11 11 11 11 11 11 11 11 12 12 12 12 12 12 12 12 12 12 12 12 13
150 146 143 139 135 131 127 122 118 116 113 107 102 97 94 94 91 87 82 78 78 71 68 63 60 57 55 52 50 48 46 44 42 40 39 39 39 36 33 33 34 33 32 31 29 28 26 25 23 22 21 21 20 19 18 17 17 16 15 15 15 14 14 14 14 13 13 12 12 12 12 11 11 11 11 11 11 11 11 11 11 11 11 11 12 11 11 12 12 12 12 12 12 12 12 12
152 147 143 139 135 131 127 122 118 117 115 107 102 97 96 92 91 88 83 80 75 74 70 64 59 57 54 52 50 47 45 43 41 40 38 36 35 34 32 32 32 32 31 29 28 27 26 25 24 23 22 20 19 18 18 17 16 16 15 15 15 14 14 14 13 13 13 12 12 12 12 11 11 11 11 11 11 11 11 11 11 11 11 11 11 11 11 12 12 12 12 12 12 12 12 12
153 147 143 139 135 131 127 123 119 114 111 107 101 97 95 90 87 86 82 81 77 76 69 64 59 56 54 51 49 47 45 43 41 39 37 36 34 33 32 31 31 30 29 28 27 26 25 25 24 23 21 20 19 18 17 17 16 16 15 15 14 14 14 13 13 13 12 12 12 12 12 11 11 11 11 11 11 11 11 11 11 11 11 11 11 11 11 11 12 12 12 12 12 12 12 12
