Supplementary Data SD3/Tbarrerae/prec4.asc
ncols  480
nrows  799
xllcorner  -73.5
yllcorner  -55
cellsize 0.0416666666666667
NODATA_value  -9999
[rows 264 to 307 of 799, columns 192 to 287 of 480]
40 40 41 41 41 42 42 42 43 43 43 43 44 44 44 45 45 45 46 46 46 47 47 48 48 49 50 50 51 52 52 53 54 55 56 56 57 58 59 60 60 61 62 62 63 64 64 65 66 66 67 67 68 68 68 68 69 69 69 68 68 68 68 68 68 68 67 67 67 67 67 67 68 69 70 71 72 73 75 76 78 81 81 82 82 82 82 82 83 83 83 83 83 84 84 84
41 41 41 41 42 42 42 43 43 43 43 44 44 44 44 45 45 46 46 47 47 47 48 48 49 49 50 51 51 52 53 53 54 55 56 57 57 58 59 60 60 61 62 63 63 64 65 65 66 66 67 67 68 68 68 68 69 69 69 69 69 68 68 68 68 68 68 68 68 68 68 69 69 70 71 72 73 74 75 77 78 80 81 82 82 82 82 83 83 83 83 83 84 84 84 84
41 41 41 42 42 42 43 43 43 43 44 44 44 44 45 45 46 46 47 47 47 48 48 49 49 50 51 51 52 52 53 54 55 55 56 57 58 58 59 60 61 61 62 63 63 64 65 65 66 66 67 67 68 68 68 69 69 69 69 69 69 69 69 69 69 69 69 69 69 69 69 70 70 71 72 72 73 75 76 77 79 80 81 81 82 82 82 83 83 83 83 83 84 84 84 84
41 41 42 42 42 43 43 43 44 44 44 44 45 45 45 46 46 47 47 48 48 48 49 49 50 50 51 52 52 53 53 54 55 56 56 57 58 59 59 60 61 62 62 63 64 64 65 65 66 66 67 67 68 68 68 69 69 69 69 69 69 69 69 69 69 69 69 69 70 70 70 70 71 72 72 73 74 75 76 77 79 80 81 81 82 82 82 83 83 83 83 83 84 84 84 84
41 42 42 42 43 43 43 44 44 44 44 45 45 45 46 46 47 47 48 48 48 49 49 50 50 51 51 52 53 53 54 54 55 56 57 57 58 59 60 60 61 62 62 63 64 64 65 65 66 67 67 67 68 68 68 69 69 69 69 69 69 70 70 70 70 70 70 70 70 71 71 71 72 72 73 74 75 76 77 78 79 80 80 81 82 82 82 83 83 83 83 83 84 84 84 84
42 42 42 43 43 43 44 44 44 44 45 45 45 46 46 47 47 48 48 48 49 49 50 50 51 51 52 52 53 53 54 55 55 56 57 58 58 59 60 60 61 62 63 63 64 64 65 66 66 67 67 68 68 68 69 69 69 69 69 70 70 70 70 70 70 70 70 71 71 71 71 72 72 73 74 74 75 76 77 78 79 80 80 81 81 82 82 83 83 83 83 84 84 84 84 84
42 42 43 43 43 44 44 44 44 45 45 45 46 46 47 47 47 48 48 49 49 50 50 51 51 52 52 53 53 54 54 55 55 56 57 58 58 59 60 61 61 62 63 63 64 65 65 66 66 67 67 68 68 68 69 69 69 70 70 70 70 70 70 70 71 71 71 71 71 72 72 73 73 74 74 75 76 76 77 78 79 80 80 81 81 82 82 82 83 83 83 83 84 84 84 84
42 42 43 43 43 44 44 44 45 45 45 45 46 46 47 47 48 48 49 49 50 50 51 51 52 52 53 53 54 54 54 55 56 56 57 58 59 59 60 61 61 62 63 63 64 65 65 66 66 67 67 68 68 69 69 69 69 70 70 70 70 70 71 71 71 71 71 72 72 72 73 73 74 74 75 75 76 77 78 78 79 80 80 81 81 82 82 82 83 83 83 83 83 84 84 84
42 43 43 43 44 44 44 45 45 45 46 46 46 47 47 48 48 49 49 50 50 51 51 52 52 53 53 53 54 54 55 55 56 57 57 58 59 60 60 61 62 62 63 64 64 65 65 66 67 67 67 68 68 69 69 69 70 70 70 70 71 71 71 71 71 72 72 72 72 73 73 74 74 75 75 76 76 77 78 78 79 80 80 81 81 82 82 82 83 83 83 83 83 83 84 84
43 43 43 43 44 44 45 45 45 46 46 46 47 47 48 48 49 49 50 50 50 51 51 52 52 53 53 54 54 55 55 55 56 57 58 58 59 60 61 61 62 63 63 64 64 65 66 66 67 67 68 68 68 69 69 69 70 70 70 71 71 71 71 72 72 72 72 73 73 73 74 74 75 75 76 76 77 77 78 79 79 80 80 81 81 82 82 82 83 83 83 83 83 83 84 84
43 43 43 44 44 44 45 45 46 46 46 47 47 48 48 49 49 49 50 50 51 51 52 52 53 53 54 54 55 55 55 56 56 57 58 59 59 60 61 61 62 63 63 64 65 65 66 66 67 67 68 68 69 69 69 70 70 70 71 71 71 71 72 72 72 72 73 73 73 74 74 75 75 76 76 77 77 78 78 79 79 80 80 81 81 82 82 82 82 83 83 83 83 83 84 84
43 43 43 44 44 45 45 46 46 46 47 47 48 48 48 49 49 50 50 51 51 52 52 53 53 54 54 55 55 55 56 56 57 58 58 59 60 60 61 62 62 63 64 64 65 65 66 66 67 67 68 68 69 69 70 70 70 70 71 71 71 72 72 72 72 73 73 73 74 74 75 75 75 76 76 77 77 78 78 79 79 80 80 81 81 82 82 82 82 83 83 83 83 83 84 84
43 43 44 44 45 45 45 46 46 47 47 47 48 48 49 49 50 50 51 51 51 52 52 53 53 54 54 55 55 56 56 57 57 58 59 59 60 61 61 62 63 63 64 64 65 66 66 67 67 68 68 69 69 69 70 70 70 71 71 71 72 72 72 72 73 73 73 74 74 75 75 75 76 76 77 77 78 78 79 79 80 80 80 81 81 82 82 82 82 83 83 83 83 83 83 84
43 44 44 44 45 45 46 46 46 47 47 48 48 49 49 50 50 50 51 51 52 52 53 53 54 54 55 55 56 56 57 57 58 58 59 59 60 61 61 62 63 63 64 65 65 66 66 67 67 68 68 69 69 69 70 70 71 71 71 71 72 72 72 73 73 73 74 74 74 75 75 76 76 77 77 77 78 78 79 79 80 80 81 81 81 82 82 82 82 83 83 83 83 83 83 83
43 44 44 45 45 45 46 46 47 47 48 48 49 49 49 50 50 51 51 52 52 53 53 54 54 54 55 55 56 56 57 57 58 59 59 60 60 61 62 62 63 64 64 65 65 66 67 67 68 68 68 69 69 70 70 70 71 71 71 72 72 72 73 73 73 74 74 74 75 75 76 76 76 77 77 78 78 79 79 79 80 80 81 81 81 82 82 82 82 83 83 83 83 83 83 83
43 44 44 45 45 46 46 47 47 47 48 48 49 49 50 50 51 51 51 52 52 53 53 54 54 55 55 56 56 57 57 58 58 59 59 60 61 61 62 63 63 64 64 65 66 66 67 67 68 68 69 69 69 70 70 71 71 71 72 72 72 73 73 73 74 74 74 75 75 75 76 76 77 77 78 78 78 79 79 80 80 80 81 81 81 82 82 82 82 82 83 83 83 83 83 83
43 44 44 45 45 46 46 47 47 48 48 49 49 50 50 50 51 51 52 52 53 53 54 54 54 55 55 56 56 57 57 58 59 59 60 60 61 62 62 63 63 64 65 65 66 66 67 67 68 68 69 69 70 70 70 71 71 71 72 72 72 73 73 73 74 74 75 75 75 76 76 77 77 77 78 78 79 79 79 80 80 80 81 81 81 82 82 82 82 82 83 83 83 83 83 83
43 44 44 45 45 46 47 47 47 48 48 49 49 50 50 51 51 52 52 52 53 53 54 54 55 55 56 56 57 57 58 58 59 59 60 61 61 62 62 63 64 64 65 65 66 67 67 68 68 69 69 69 70 70 71 71 71 72 72 72 73 73 73 74 74 74 75 75 76 76 76 77 77 78 78 78 79 79 80 80 80 81 81 81 81 82 82 82 82 82 83 83 83 83 83 83
43 44 44 45 46 46 47 47 48 48 49 49 50 50 50 51 51 52 52 53 53 53 54 54 55 55 56 56 57 57 58 58 59 60 60 61 61 62 63 63 64 64 65 66 66 67 67 68 68 69 69 70 70 70 71 71 71 72 72 72 73 73 73 74 74 75 75 75 76 76 77 77 77 78 78 79 79 79 80 80 80 81 81 81 81 82 82 82 82 82 83 83 83 83 83 83
43 44 44 45 46 46 47 48 48 49 49 49 50 50 51 51 52 52 52 53 53 54 54 55 55 56 56 57 57 58 58 59 59 60 60 61 62 62 63 63 64 65 65 66 66 67 68 68 69 69 69 70 70 71 71 71 72 72 72 73 73 73 74 74 74 75 75 75 76 76 77 77 78 78 79 79 79 80 80 80 80 81 81 81 82 82 82 82 82 82 83 83 83 83 83 83
43 43 44 45 46 47 47 48 48 49 49 50 50 50 51 51 52 52 53 53 53 54 54 55 55 56 56 57 57 58 58 59 59 60 61 61 62 62 63 64 64 65 65 66 67 67 68 68 69 69 70 70 70 71 71 71 72 72 72 73 73 73 74 74 74 75 75 76 76 77 77 77 78 78 79 79 79 80 80 80 81 81 81 81 82 82 82 82 82 82 83 83 83 83 83 83
42 43 45 46 46 47 48 48 49 49 50 50 50 51 51 51 52 52 53 53 54 54 54 55 55 56 56 57 57 58 58 59 60 60 61 61 62 63 63 64 64 65 66 66 67 67 68 68 69 69 70 70 70 71 71 71 72 72 72 73 73 73 74 74 74 75 75 76 76 77 77 78 78 78 79 79 80 80 80 80 81 81 81 81 82 82 82 82 82 83 83 83 83 83 83 83
42 43 45 46 47 48 48 49 49 49 50 50 50 51 51 52 52 52 53 53 54 54 55 55 55 56 56 57 57 58 59 59 60 60 61 62 62 63 63 64 65 65 66 66 67 68 68 69 69 70 70 70 71 71 71 72 72 72 72 73 73 73 74 74 75 75 75 76 76 77 77 78 78 79 79 79 80 80 80 80 81 81 81 81 82 82 82 82 82 83 83 83 83 83 83 83
42 44 46 47 48 48 48 49 49 49 50 50 51 51 51 52 52 52 53 53 54 54 55 55 56 56 56 57 58 58 59 59 60 60 61 62 62 63 63 64 65 65 66 67 67 68 68 69 69 70 70 70 71 71 71 72 72 72 72 73 73 73 74 74 75 75 75 76 76 77 77 78 78 79 79 79 80 80 80 81 81 81 81 82 82 82 82 82 82 83 83 83 83 83 83 83
43 45 47 48 48 48 49 49 49 50 50 50 51 51 51 52 52 52 53 53 54 54 55 55 56 56 57 57 58 58 59 59 60 60 61 62 62 63 64 64 65 66 66 67 67 68 69 69 69 70 70 71 71 71 71 72 72 72 73 73 73 73 74 74 75 75 75 76 76 77 77 78 78 79 79 79 80 80 80 81 81 81 81 82 82 82 82 82 83 83 83 83 83 83 83 83
43 45 47 48 48 48 49 49 49 50 50 50 51 51 51 52 52 52 53 53 54 54 55 55 56 56 57 57 58 58 59 59 60 61 61 62 62 63 64 64 65 66 66 67 68 68 69 69 70 70 70 71 71 71 71 72 72 72 72 73 73 73 74 74 75 75 75 76 76 77 77 78 78 79 79 79 80 80 80 81 81 81 81 82 82 82 82 82 83 83 83 83 83 83 83 83
44 45 46 47 48 48 49 49 49 50 50 50 51 51 51 52 52 52 53 53 54 54 55 55 56 56 57 57 58 58 59 59 60 61 61 62 62 63 64 64 65 66 66 67 68 68 69 69 70 70 71 71 71 71 71 72 72 72 72 73 73 73 74 74 74 75 75 76 76 77 77 78 78 78 79 79 80 80 80 81 81 81 81 82 82 82 82 83 83 83 83 83 83 83 83 83
44 45 46 47 47 48 48 49 49 49 50 50 51 51 51 52 52 52 53 53 54 54 55 55 56 56 57 57 58 58 59 59 60 61 61 62 62 63 64 64 65 66 66 67 68 68 69 70 70 70 71 71 71 71 71 72 72 72 72 73 73 73 74 74 74 75 75 76 76 77 77 77 78 78 79 79 80 80 80 81 81 81 82 82 82 82 83 83 83 83 83 83 83 83 83 83
44 45 46 46 47 48 48 49 49 49 50 50 50 51 51 52 52 52 53 53 54 54 55 55 56 56 57 57 58 58 59 59 60 61 61 62 62 63 64 64 65 66 67 67 68 69 69 70 70 71 71 71 71 71 71 71 72 72 72 72 73 73 73 74 74 75 75 75 76 76 77 77 78 78 79 79 80 80 80 81 81 81 82 82 82 82 83 83 83 83 83 83 83 83 83 83
44 45 45 46 47 47 48 48 49 49 50 50 50 51 51 52 52 52 53 53 54 54 55 55 56 56 57 57 58 58 59 59 60 61 61 62 62 63 64 64 65 66 67 67 68 69 69 70 71 71 71 71 71 71 71 71 71 72 72 72 72 73 73 74 74 74 75 75 76 76 77 77 78 78 79 79 80 80 80 81 81 81 82 82 82 83 83 83 83 83 83 84 84 84 84 84
44 44 45 46 47 47 48 48 49 49 49 50 50 51 51 51 52 52 53 53 54 54 54 55 55 56 56 57 58 58 59 59 60 60 61 62 62 63 64 64 65 66 66 67 68 69 69 70 71 71 71 71 71 71 71 71 71 71 72 72 72 73 73 73 74 74 75 75 76 76 77 77 78 78 79 79 79 80 80 81 81 81 82 82 82 83 83 83 83 83 84 84 84 84 84 84
44 44 45 46 46 47 47 48 48 49 49 50 50 50 51 51 52 52 53 53 53 54 54 55 55 56 56 57 57 58 59 59 60 60 61 62 62 63 64 64 65 66 66 67 68 69 69 70 71 71 71 71 71 70 70 70 71 71 71 72 72 72 73 73 74 74 74 75 75 76 76 77 78 78 78 79 79 80 80 81 81 82 82 82 83 83 83 83 84 84 84 84 84 84 84 84
43 44 45 45 46 47 47 48 48 49 49 49 50 50 51 51 52 52 52 53 53 54 54 55 55 56 56 57 57 58 58 59 60 60 61 61 62 63 63 64 65 65 66 67 68 68 69 70 71 72 72 71 70 70 70 70 70 70 71 71 72 72 72 73 73 74 74 75 75 76 76 77 77 78 78 79 79 80 80 81 81 82 82 82 83 83 83 84 84 84 84 84 84 84 84 84
43 44 44 45 46 46 47 47 48 48 49 49 50 50 51 51 51 52 52 53 53 54 54 55 55 56 56 57 57 58 58 59 59 60 61 61 62 63 63 64 64 65 66 67 67 68 69 70 70 71 71 69 69 69 69 69 70 70 70 71 71 72 72 72 73 73 74 75 75 76 76 77 77 78 78 79 79 80 80 81 81 82 82 82 83 83 83 84 84 84 84 85 85 85 85 85
43 44 44 45 45 46 47 47 48 48 49 49 49 50 50 51 51 52 52 53 53 53 54 54 55 55 56 56 57 58 58 59 59 60 60 61 62 62 63 64 64 65 65 66 67 68 68 69 69 70 69 68 68 68 68 69 69 70 70 70 71 71 72 72 73 73 74 74 75 75 76 77 77 78 78 79 79 80 80 81 81 82 82 83 83 83 84 84 84 84 85 85 85 85 85 85
43 43 44 45 45 46 46 47 47 48 48 49 49 50 50 51 51 51 52 52 53 53 54 54 55 55 56 56 57 57 58 58 59 60 60 61 61 62 63 63 64 64 65 66 66 67 67 68 68 68 68 67 67 68 68 68 69 69 69 70 70 71 71 72 72 73 73 74 75 75 76 76 77 78 78 79 79 80 80 81 81 82 82 83 83 84 84 84 85 85 85 85 85 85 86 86
43 43 44 44 45 46 46 47 47 48 48 49 49 50 50 50 51 51 52 52 53 53 54 54 55 55 56 56 57 57 58 58 59 59 60 61 61 62 62 63 63 64 65 65 66 66 67 67 67 67 67 67 67 67 67 68 68 69 69 69 70 70 71 71 72 73 73 74 74 75 76 76 77 77 78 79 79 80 80 81 82 82 83 83 83 84 84 84 85 85 85 86 86 86 86 86
42 43 44 44 45 45 46 46 47 47 48 48 49 49 50 50 51 51 51 52 52 53 53 54 54 55 55 56 56 57 58 58 59 59 60 60 61 61 62 63 63 64 64 65 65 66 66 66 66 67 67 67 67 67 67 67 68 68 69 69 69 70 71 71 72 72 73 73 74 75 75 76 77 77 78 79 79 80 80 81 82 82 83 83 84 84 84 85 85 85 86 86 86 86 86 87
42 43 43 44 45 45 46 46 47 47 48 48 49 49 49 50 50 51 51 52 52 53 53 54 54 55 55 56 56 57 57 58 58 59 59 60 61 61 62 62 63 63 64 64 64 65 65 66 66 66 66 66 66 66 67 67 67 68 68 69 69 70 70 71 71 72 72 73 74 74 75 76 76 77 78 79 79 80 81 81 82 82 83 83 84 84 85 85 86 86 86 86 87 87 87 87
42 43 43 44 44 45 45 46 47 47 47 48 48 49 49 50 50 51 51 51 52 52 53 53 54 54 55 55 56 56 57 58 58 59 59 60 60 61 61 62 62 63 63 63 64 64 65 65 65 65 65 65 66 66 66 66 67 67 68 68 69 69 70 70 71 71 72 73 73 74 75 76 76 77 78 79 79 80 81 81 82 83 83 84 84 85 85 86 86 86 87 87 87 87 87 88
42 42 43 44 44 45 45 46 46 47 47 48 48 49 49 49 50 50 51 51 52 52 53 53 54 54 55 55 56 56 57 57 58 58 59 59 60 60 61 61 62 62 63 63 63 64 64 64 64 65 65 65 65 65 66 66 66 67 67 68 68 69 69 70 70 71 72 72 73 74 75 75 76 77 78 78 79 80 81 81 82 83 83 84 84 85 85 86 86 87 87 87 88 88 88 88
42 42 43 43 44 45 45 46 46 47 47 48 48 48 49 49 50 50 50 51 51 52 52 53 53 54 54 55 55 56 57 57 58 58 59 59 60 60 60 61 61 62 62 62 63 63 63 64 64 64 64 64 64 65 65 65 66 66 67 67 68 68 69 69 70 71 71 72 73 74 74 75 76 77 78 78 79 80 81 82 82 83 84 84 85 85 86 86 87 87 88 88 88 88 89 89
41 42 43 43 44 44 45 45 46 46 47 47 48 48 49 49 49 50 50 51 51 51 52 52 53 53 54 55 55 56 56 57 57 58 58 59 59 60 60 60 61 61 61 62 62 62 63 63 63 63 63 64 64 64 64 65 65 66 66 66 67 68 68 69 70 70 71 72 73 73 74 75 76 77 78 78 79 80 81 82 82 83 84 84 85 86 86 87 87 88 88 88 89 89 89 89
41 42 42 43 44 44 45 45 46 46 47 47 48 48 48 49 49 50 50 50 51 51 52 52 53 53 54 54 55 55 56 57 57 58 58 58 59 59 60 60 60 61 61 61 62 62 62 62 62 63 63 63 63 64 64 64 65 65 65 66 66 67 68 68 69 70 71 71 72 73 74 75 76 77 78 78 79 80 81 82 83 83 84 85 85 86 87 87 88 88 89 89 89 90 90 90
