Supplementary Data SD3/Tbarrerae/prec4.asc
ncols  480
nrows  799
xllcorner  -73.5
yllcorner  -55
cellsize 0.0416666666666667
NODATA_value  -9999
[rows 264 to 307 of 799, columns 288 to 383 of 480]
84 84 84 84 85 85 85 85 85 85 85 85 85 85 86 86 86 87 87 87 88 89 89 90 90 91 91 92 92 93 93 93 94 94 94 95 95 95 95 96 96 96 96 96 96 97 97 97 97 97 97 98 98 98 98 98 99 99 99 100 100 100 101 101 102 102 102 103 104 104 105 105 106 106 107 108 108 108 108 108 108 108 107 107 106 106 105 105 104 104 103 103 103 102 102 102
84 84 84 85 85 85 85 85 85 85 85 86 86 86 86 87 87 87 88 88 88 89 90 90 91 91 92 92 93 93 94 94 94 95 95 95 95 96 96 96 96 96 96 96 96 97 97 97 97 97 97 98 98 98 98 98 98 99 99 99 99 100 100 100 101 101 102 102 103 103 104 104 105 105 106 106 107 107 107 107 107 106 106 106 106 105 105 104 104 103 103 103 102 102 102 102
84 84 84 85 85 85 85 85 85 85 86 86 86 87 87 87 88 88 88 88 89 89 90 91 91 92 92 93 93 94 94 95 95 95 95 96 96 96 96 96 96 96 96 96 97 97 97 97 97 97 97 97 98 98 98 98 98 98 98 99 99 99 100 100 100 101 101 101 102 102 103 103 103 104 104 105 105 105 105 105 105 105 105 105 105 104 104 104 103 103 102 102 102 101 101 101
84 84 84 85 85 85 85 85 85 86 86 86 86 87 87 88 88 88 88 89 89 90 90 91 92 92 93 94 94 95 95 95 96 96 96 96 96 96 96 96 96 96 96 97 97 97 97 97 97 97 97 97 97 97 98 98 98 98 98 98 99 99 99 99 100 100 100 100 101 101 101 102 102 103 103 104 104 104 104 104 104 104 104 104 104 103 103 103 102 102 102 101 101 101 101 100
84 84 85 85 85 85 85 85 86 86 86 86 87 87 88 88 89 89 88 89 89 90 91 91 92 93 94 94 95 95 96 96 96 97 97 97 97 97 97 97 97 97 97 97 97 97 97 97 97 97 97 97 97 97 97 97 97 98 98 98 98 98 98 98 99 99 99 99 100 100 100 100 101 101 102 102 103 103 103 103 103 103 103 103 103 103 102 102 102 101 101 101 101 100 100 100
84 84 85 85 85 85 85 85 86 86 86 86 87 87 88 89 89 89 89 89 90 90 91 92 93 94 94 95 96 96 97 97 97 97 97 97 97 97 97 97 97 97 97 97 97 97 97 97 97 97 97 97 97 97 97 97 97 97 97 97 98 98 98 98 98 98 98 98 99 99 99 99 100 100 101 101 101 102 102 102 102 102 102 102 102 102 102 101 101 101 101 100 100 100 100 100
84 84 84 85 85 85 85 85 86 86 86 86 87 87 88 88 89 89 89 90 90 91 92 92 93 94 95 96 96 97 97 98 98 98 98 98 98 98 98 97 97 97 97 97 96 96 96 96 96 97 97 97 97 97 97 97 97 97 97 97 97 97 97 97 97 97 97 97 97 98 98 98 98 99 99 100 100 100 101 101 101 101 101 101 101 101 101 101 100 100 100 100 100 100 99 99
84 84 84 84 85 85 85 85 85 86 86 86 87 87 88 88 89 89 89 90 90 91 92 93 94 95 96 96 97 98 98 99 99 99 99 99 98 98 98 98 97 97 97 97 96 96 96 96 96 96 96 97 97 97 96 96 96 96 96 96 96 96 96 96 96 96 96 96 96 97 97 97 97 98 98 99 99 99 100 100 100 100 100 100 100 100 100 100 100 100 100 99 99 99 99 99
84 84 84 85 85 85 85 85 85 85 86 86 87 87 88 88 89 89 89 90 91 92 92 93 94 95 96 97 98 99 99 99 100 100 99 99 99 99 98 98 97 97 97 96 96 96 96 96 96 96 96 96 96 96 96 96 96 96 96 96 96 96 96 96 95 95 95 95 96 96 96 96 96 96 97 97 98 98 98 99 99 99 99 99 99 99 99 100 99 99 99 99 99 99 98 98
84 84 84 84 85 85 85 85 85 85 86 86 86 87 87 88 88 89 89 90 91 92 93 94 95 96 97 98 99 99 100 100 100 100 100 100 99 99 98 98 98 97 97 96 96 96 96 96 95 96 96 96 96 96 96 96 95 95 95 95 95 95 95 95 95 95 95 95 95 95 95 95 95 95 -9999 96 96 97 97 98 98 98 98 99 99 99 99 99 99 99 99 99 98 98 98 98
84 84 84 84 84 84 85 85 85 85 85 86 86 87 87 88 88 89 89 90 91 92 93 94 95 96 97 98 99 100 101 101 101 101 101 100 100 99 99 98 97 97 97 96 96 95 95 95 95 95 95 95 96 95 95 95 95 94 94 94 94 94 94 94 94 94 94 93 93 93 93 94 94 94 -9999 95 96 96 97 97 97 98 98 98 98 98 98 98 98 98 98 98 98 98 98 98
84 84 84 84 84 84 84 85 85 85 85 86 86 86 87 87 88 88 89 90 91 92 93 94 95 96 98 99 100 101 102 102 102 102 101 101 100 99 99 98 97 97 96 96 95 95 95 94 94 94 94 94 94 94 94 94 94 94 94 93 93 93 93 93 93 93 93 93 92 92 92 92 93 93 -9999 94 94 95 96 96 97 96 97 97 97 98 98 98 98 98 98 98 98 98 98 97
84 84 84 84 84 84 84 84 84 85 85 85 86 86 86 87 88 88 89 90 90 91 93 94 95 96 98 99 101 102 103 103 103 102 102 101 100 99 99 98 97 97 96 95 95 94 94 94 94 93 93 93 93 93 93 93 93 93 93 93 93 92 92 92 92 92 92 92 91 91 91 91 91 92 -9999 92 93 94 94 95 96 96 96 96 97 97 97 97 98 98 97 97 97 98 97 97
84 84 84 84 84 84 84 84 84 84 85 85 85 86 86 87 87 88 88 89 90 91 92 94 95 96 98 100 101 103 104 104 104 103 102 101 100 99 99 98 97 96 96 95 94 94 93 93 93 93 92 92 92 92 92 92 92 92 92 92 92 92 92 91 91 91 91 91 90 90 90 90 90 90 -9999 91 91 92 93 94 95 96 96 96 96 96 97 97 97 97 97 97 97 97 97 97
83 83 84 84 84 84 84 84 84 84 84 85 85 85 86 86 87 87 88 89 90 91 92 93 94 96 98 99 101 103 105 105 104 103 102 101 100 99 98 97 97 96 95 95 94 93 93 92 92 92 91 91 91 91 92 92 92 92 92 92 91 91 91 91 90 90 90 90 89 89 89 88 88 89 -9999 89 90 90 91 92 94 96 96 96 96 96 96 96 96 96 96 97 97 97 97 97
83 83 83 83 83 84 84 84 84 84 84 84 84 85 85 85 86 87 87 88 89 90 91 92 94 95 97 99 101 102 104 104 103 102 101 100 100 99 98 97 96 96 95 94 93 93 92 91 91 91 90 90 90 91 91 91 91 91 91 91 91 91 90 90 90 89 89 89 88 88 87 87 87 87 86 87 87 87 88 90 92 93 94 95 95 95 95 96 96 96 96 96 96 97 97 97
83 83 83 83 83 83 83 83 84 84 84 84 84 84 85 85 85 86 87 87 88 89 90 92 93 94 96 98 99 101 102 102 102 101 101 100 99 98 97 97 96 95 94 93 93 92 91 91 90 90 89 89 89 90 90 90 90 90 91 91 90 90 90 90 89 89 88 88 87 86 86 85 86 84 84 84 84 84 85 87 89 90 92 93 94 94 94 95 95 95 96 96 96 96 96 97
83 83 83 83 83 83 83 83 83 83 83 83 84 84 84 84 85 85 86 86 87 88 89 91 92 93 95 96 98 99 100 101 101 100 100 99 98 98 97 96 95 95 94 93 92 91 91 90 89 89 88 88 88 89 89 90 90 90 90 90 90 90 90 89 89 88 87 87 86 85 84 84 -9999 83 82 81 81 81 82 83 85 88 90 91 92 93 94 94 94 95 95 95 96 96 96 97
83 83 83 83 83 83 83 83 83 83 83 83 83 83 83 84 84 84 85 85 86 87 88 89 91 92 94 95 96 98 98 99 99 99 99 98 98 97 96 96 95 94 93 93 92 91 90 89 88 88 87 87 88 88 89 89 90 90 90 90 90 90 89 89 88 88 87 86 85 84 83 83 -9999 79 79 78 77 77 78 80 82 85 87 89 91 92 92 93 94 94 95 95 95 96 96 97
83 83 83 83 83 83 83 83 83 83 83 83 83 83 83 83 83 83 84 84 85 86 87 88 89 91 92 94 95 96 97 97 98 98 98 97 97 96 96 95 95 94 93 92 91 90 89 88 88 87 86 86 87 88 88 89 89 90 90 90 90 90 89 89 88 87 86 86 85 83 82 82 -9999 78 77 75 74 73 74 76 79 82 85 87 89 90 91 92 93 94 94 95 95 96 96 96
83 83 83 83 83 83 83 82 82 82 82 82 82 82 82 82 82 82 83 83 84 85 86 87 88 89 91 92 93 94 95 96 96 97 97 97 96 96 95 95 94 93 93 92 91 90 89 88 87 86 85 86 87 88 88 89 90 90 90 90 90 90 89 89 88 87 86 85 84 83 81 81 -9999 77 75 73 71 70 71 73 76 80 83 85 87 89 90 91 92 93 94 94 95 96 96 97
83 83 83 83 83 82 82 82 82 82 82 82 82 81 81 81 81 81 82 82 83 83 84 85 86 88 89 91 92 93 94 95 95 96 96 96 96 95 95 94 94 93 92 92 91 90 89 88 87 86 85 86 87 88 89 89 90 90 91 91 90 90 90 89 88 87 86 85 84 82 81 -9999 -9999 76 74 72 70 69 70 72 75 78 81 84 86 88 89 90 91 93 93 94 95 96 96 96
83 83 83 83 83 82 82 82 82 82 82 81 81 81 81 81 81 81 81 81 81 82 83 84 85 86 88 89 90 92 93 94 94 95 95 95 95 95 94 94 94 93 92 92 91 90 90 89 88 87 87 87 88 89 89 90 91 91 91 91 91 91 90 89 88 87 86 85 84 82 81 -9999 -9999 75 74 72 71 70 71 73 75 78 80 83 85 87 88 90 91 92 93 94 95 95 96 96
83 83 83 83 82 82 82 82 82 82 81 81 81 81 80 80 80 80 80 80 80 80 81 82 84 85 87 88 89 91 92 92 93 94 94 94 94 94 94 94 93 93 93 92 91 91 90 89 89 88 88 88 89 90 90 91 92 92 92 92 92 91 91 90 89 88 87 85 84 82 81 -9999 -9999 76 74 73 72 72 72 74 76 78 80 82 84 86 88 89 91 92 93 94 95 95 96 97
83 83 83 83 82 82 82 82 82 81 81 81 80 80 80 79 79 79 79 78 78 79 80 81 82 84 85 87 88 90 91 92 92 93 93 94 94 94 94 94 93 93 93 92 92 91 91 90 90 90 90 90 90 91 92 92 93 93 93 93 93 92 92 91 90 88 87 86 84 83 81 -9999 -9999 76 75 74 73 73 74 75 77 78 80 82 84 86 88 89 90 92 93 94 95 95 96 97
83 83 83 83 82 82 82 82 82 81 81 81 80 80 79 79 79 78 78 77 77 77 78 80 81 83 85 86 88 89 90 91 92 92 93 93 93 94 94 94 93 93 93 93 92 92 91 91 91 91 91 91 92 92 93 94 94 94 94 94 94 93 93 92 90 89 88 86 85 83 81 80 -9999 77 76 75 75 75 75 76 78 79 81 83 84 86 87 89 90 92 93 94 95 96 96 97
83 83 83 83 83 82 82 82 82 81 81 81 80 80 79 79 78 78 77 76 76 76 77 78 80 82 84 86 87 88 89 90 91 92 92 93 93 93 93 93 93 93 93 93 93 92 92 92 92 92 92 93 93 94 94 95 95 96 96 96 95 95 94 93 91 90 88 87 85 83 82 81 80 78 77 76 76 76 76 77 78 80 81 83 85 86 88 89 90 92 93 94 95 96 97 97
83 83 83 83 83 82 82 82 82 81 81 81 80 80 79 79 78 77 77 76 75 74 75 78 80 82 84 85 87 88 89 90 91 91 92 93 93 93 93 94 94 94 93 93 93 93 93 93 93 94 94 94 95 95 96 96 97 97 97 97 97 96 95 94 92 91 89 87 86 84 83 81 80 78 78 77 77 77 77 78 79 80 82 84 85 87 88 90 91 92 93 94 95 96 97 98
83 83 83 83 83 83 82 82 82 82 81 81 80 80 79 79 78 78 77 76 75 75 76 79 81 82 84 85 87 88 89 90 91 91 92 92 93 93 93 94 94 94 94 94 94 94 94 94 94 95 95 95 96 97 97 98 99 99 99 99 99 98 96 95 93 92 90 88 86 85 83 82 81 79 79 78 78 78 78 79 80 81 83 84 86 87 89 90 92 93 94 95 96 96 97 98
84 84 83 83 83 83 83 82 82 82 81 81 81 80 80 79 79 78 77 77 77 77 79 80 82 83 84 85 87 88 89 90 90 91 92 92 93 93 93 94 94 94 94 94 94 95 95 95 95 96 96 97 97 98 99 100 100 101 101 101 100 99 98 96 94 92 91 89 87 85 84 83 81 81 80 79 79 79 79 80 81 82 84 85 86 88 89 91 92 93 94 95 96 97 98 98
84 84 84 84 83 83 83 83 82 82 82 81 81 80 80 80 79 79 78 78 78 79 80 81 82 83 85 86 87 88 89 90 90 91 92 92 93 93 94 94 94 94 95 95 95 95 96 96 96 97 97 98 99 99 100 101 102 103 103 103 102 101 99 97 95 93 91 89 88 86 85 83 82 81 80 80 80 80 80 81 82 83 84 86 87 89 90 91 92 94 95 96 97 97 98 99
84 84 84 84 84 83 83 83 83 82 82 82 81 81 81 80 80 80 79 79 79 80 81 82 83 84 85 86 87 88 89 90 90 91 92 92 93 93 94 94 94 95 95 95 96 96 96 97 97 98 98 99 99 100 101 102 103 104 105 105 104 103 101 98 96 94 92 90 88 86 85 84 83 82 81 -9999 80 81 81 82 83 84 85 87 88 90 91 92 93 94 95 96 97 98 98 99
84 84 84 84 84 84 84 83 83 83 83 82 82 82 81 81 81 80 80 80 81 81 82 83 84 85 86 86 87 88 89 90 91 91 92 93 93 94 94 94 95 95 96 96 96 97 97 97 98 98 99 100 100 101 102 103 104 106 107 107 106 104 102 99 97 94 92 90 88 87 86 84 83 82 82 -9999 -9999 81 82 83 84 85 86 88 89 91 92 93 94 95 96 97 97 98 99 99
85 85 85 85 84 84 84 84 84 83 83 83 83 82 82 82 82 81 81 82 82 82 83 84 85 85 86 87 88 89 89 90 91 92 92 93 93 94 94 95 95 96 96 96 97 97 98 98 99 99 100 100 101 102 103 104 105 106 108 109 107 105 102 99 97 94 92 90 89 87 86 85 84 83 83 -9999 -9999 -9999 83 84 85 86 87 89 90 92 93 94 95 96 96 97 98 98 99 100
85 85 85 85 85 85 85 84 84 84 84 83 83 83 83 83 82 82 83 83 83 83 84 85 85 86 87 88 88 89 90 90 91 92 93 93 94 94 95 95 96 96 97 97 97 98 98 99 99 100 100 101 101 102 103 104 105 106 107 107 106 104 101 99 96 94 92 90 89 87 86 85 84 84 83 -9999 -9999 -9999 83 84 86 87 88 90 91 92 93 94 95 96 97 98 98 99 99 100
86 86 86 86 85 85 85 85 85 85 84 84 84 84 84 84 83 83 84 84 84 84 85 85 86 87 87 88 89 90 90 91 92 92 93 93 94 95 95 96 96 97 97 97 98 98 99 99 99 100 100 101 101 102 103 104 104 105 105 105 104 103 100 98 96 93 91 90 88 87 86 85 85 84 84 -9999 -9999 84 84 85 86 88 89 91 92 93 94 95 96 97 98 98 99 99 100 100
86 86 86 86 86 86 86 86 85 85 85 85 85 85 85 84 84 84 85 85 85 85 86 86 87 87 88 89 89 90 91 91 92 93 93 94 94 95 96 96 97 97 97 98 98 99 99 99 100 100 100 101 102 102 103 103 104 104 104 104 102 101 99 97 94 93 91 89 88 87 86 86 85 85 84 -9999 -9999 -9999 -9999 -9999 -9999 -9999 90 91 93 94 95 96 97 98 98 99 99 100 100 100
87 87 87 87 87 86 86 86 86 86 86 86 86 85 85 85 85 85 86 86 86 86 87 87 88 88 89 89 90 91 91 92 92 93 94 94 95 95 96 96 97 97 98 98 99 99 99 100 100 100 101 101 101 102 102 102 103 103 102 102 101 99 97 95 93 91 90 88 87 87 86 86 86 85 85 -9999 -9999 -9999 -9999 -9999 -9999 -9999 91 92 94 95 96 97 98 99 99 99 99 100 100 100
87 87 87 87 87 87 87 87 87 87 87 86 86 86 86 86 86 86 87 87 87 87 88 88 89 89 89 90 91 91 92 92 93 94 94 95 95 96 96 97 97 98 98 99 99 99 100 100 100 100 101 101 101 101 101 101 101 101 101 100 99 97 96 94 92 90 89 87 87 86 86 86 86 -9999 -9999 -9999 -9999 -9999 -9999 -9999 -9999 -9999 -9999 -9999 95 96 97 98 99 99 100 100 100 100 100 100
88 88 88 88 88 88 88 88 87 87 87 87 87 87 87 87 87 88 88 88 88 88 89 89 89 90 90 91 91 92 92 93 93 94 94 95 96 96 97 97 98 98 99 99 99 100 100 100 100 100 100 101 101 101 101 100 100 100 99 98 97 96 94 92 91 89 87 86 86 86 86 86 86 -9999 -9999 -9999 -9999 -9999 -9999 -9999 -9999 -9999 -9999 -9999 -9999 97 98 99 100 100 100 100 99 99 99 99
88 88 88 88 88 88 88 88 88 88 88 88 88 88 88 88 88 89 89 89 89 89 89 90 90 91 91 91 92 92 93 93 94 94 95 95 96 96 97 98 98 99 99 99 100 100 100 100 100 100 100 100 100 100 100 100 99 99 98 97 96 94 93 91 89 88 86 85 85 85 86 86 -9999 -9999 -9999 -9999 -9999 -9999 -9999 -9999 -9999 -9999 -9999 -9999 -9999 98 99 100 100 100 100 99 99 98 98 98
89 89 89 89 89 89 89 89 89 89 89 89 89 89 89 89 89 90 90 90 90 90 90 91 91 91 92 92 92 93 93 94 94 95 95 96 96 97 97 98 98 99 99 100 100 100 101 101 101 100 100 100 100 99 99 99 98 98 97 96 95 93 92 90 88 87 85 85 84 84 86 87 -9999 -9999 -9999 -9999 -9999 -9999 -9999 -9999 -9999 -9999 -9999 -9999 -9999 -9999 99 100 100 100 99 98 98 97 97 97
90 90 90 90 90 90 90 90 90 90 90 90 90 90 90 90 90 91 91 91 91 91 91 91 92 92 92 93 93 93 94 94 95 95 96 96 97 97 98 98 99 99 100 100 101 101 101 101 101 100 100 100 99 99 99 98 98 97 96 95 94 92 91 89 87 86 84 85 84 85 87 89 90 -9999 -9999 -9999 -9999 -9999 -9999 -9999 -9999 -9999 -9999 -9999 -9999 -9999 -9999 99 99 98 98 97 -9999 -9999 96 96
90 90 91 91 91 91 91 91 91 91 91 91 91 91 91 92 92 92 92 92 92 92 92 92 92 93 93 93 94 94 94 95 95 96 96 96 97 97 98 99 99 100 100 101 101 101 101 101 101 100 100 99 99 98 98 97 97 96 95 94 93 92 90 89 87 86 85 87 87 87 89 91 93 -9999 -9999 -9999 -9999 -9999 -9999 -9999 -9999 -9999 -9999 -9999 -9999 -9999 -9999 -9999 -9999 -9999 -9999 -9999 -9999 -9999 -9999 -9999
