Supplementary Data SD3/Tbarrerae/prec4.asc
ncols  480
nrows  799
xllcorner  -73.5
yllcorner  -55
cellsize 0.0416666666666667
NODATA_value  -9999
[rows 176 to 219 of 799, columns 288 to 383 of 480]
78 78 79 80 80 81 82 82 83 84 85 85 86 87 88 88 89 90 91 92 93 94 95 96 97 98 99 101 102 104 106 108 110 112 115 118 121 124 127 129 132 135 137 138 138 137 136 134 132 130 127 125 123 121 120 119 120 121 121 122 123 124 125 126 127 128 130 131 132 133 134 136 137 139 140 141 143 144 146 147 148 150 151 152 154 155 156 157 158 159 160 161 162 162 163 164
78 78 79 80 80 81 82 82 83 84 84 85 86 86 87 88 89 89 90 91 92 93 94 95 96 97 98 100 101 103 105 107 109 111 114 117 120 123 126 130 133 136 138 140 140 138 137 134 132 130 127 125 123 121 119 118 119 120 121 122 123 124 125 126 127 128 129 130 132 133 134 136 137 138 140 141 143 144 145 147 148 149 151 152 153 155 156 157 158 159 160 161 161 162 163 163
78 78 79 80 80 81 82 82 83 83 84 85 85 86 87 88 88 89 90 91 91 92 93 94 95 96 97 98 100 101 103 105 108 110 113 116 119 122 126 129 133 137 140 142 141 139 137 135 132 130 127 125 123 121 120 119 120 120 121 122 123 124 125 126 127 128 129 130 131 133 134 135 137 138 140 141 142 144 145 146 148 149 150 152 153 154 155 157 158 159 159 160 161 162 163 163
78 78 79 80 80 81 81 82 83 83 84 85 85 86 86 87 88 89 89 90 91 91 92 93 94 95 96 97 98 100 102 104 106 109 112 115 118 121 125 129 132 136 140 143 142 139 137 134 132 129 127 125 123 121 120 120 120 120 121 122 123 123 124 125 127 128 129 130 131 133 134 135 137 138 139 141 142 143 145 146 148 149 150 151 153 154 155 156 157 158 159 160 161 162 163 163
78 79 79 80 80 81 81 82 83 83 84 84 85 86 86 87 87 88 89 89 90 91 91 92 93 94 95 96 97 98 100 102 104 107 110 113 116 120 123 127 131 135 138 140 140 138 136 133 131 129 127 125 123 122 121 120 120 120 121 122 122 123 124 125 126 127 129 130 131 132 134 135 137 138 139 140 142 143 145 146 147 149 150 151 153 154 155 156 157 158 159 160 161 161 162 163
78 79 79 80 80 81 81 82 82 83 83 84 85 85 86 86 87 88 88 89 89 90 91 91 92 93 94 95 96 97 98 100 103 105 108 111 115 118 122 125 129 132 135 136 136 135 134 132 130 128 126 124 123 122 121 121 121 121 121 122 122 123 124 125 126 127 128 130 131 132 134 135 136 138 139 140 142 143 144 146 147 149 150 151 152 154 155 156 157 158 159 160 161 161 162 163
78 79 79 80 80 81 81 82 82 83 83 84 84 85 85 86 87 87 88 88 89 89 90 91 91 92 93 93 94 95 96 98 101 103 106 110 113 116 120 123 126 129 131 133 133 132 131 130 128 127 125 124 123 122 121 121 121 121 121 122 122 123 124 125 126 127 128 130 131 132 134 135 136 138 139 140 142 143 144 146 147 148 149 151 152 153 155 156 157 158 159 160 161 161 162 163
78 79 79 80 80 81 81 82 82 83 83 84 84 85 85 86 86 87 87 88 88 89 89 90 91 91 92 92 93 94 94 96 99 102 105 108 111 114 117 120 123 126 128 129 129 129 129 128 126 125 124 123 122 121 121 121 120 121 121 121 122 123 124 125 126 127 128 129 131 132 133 135 136 137 139 140 142 143 144 146 147 148 149 151 152 153 154 156 156 158 159 160 161 161 162 163
78 79 79 80 80 80 81 81 82 82 83 83 84 84 85 85 86 86 87 87 88 88 89 89 90 90 91 91 92 92 93 94 97 100 103 106 109 112 115 118 120 123 124 125 126 126 126 125 124 124 123 122 121 121 120 120 120 120 121 121 122 123 124 125 126 127 128 129 131 132 133 135 136 137 139 140 141 143 144 145 147 148 149 151 152 153 154 155 156 157 158 160 160 161 162 162
78 79 79 80 80 80 81 81 82 82 83 83 84 84 85 85 86 86 86 87 87 88 88 89 89 90 90 91 91 92 92 94 96 99 102 105 107 110 113 115 118 119 121 122 123 123 123 123 122 122 121 121 120 120 120 120 120 120 121 121 122 123 123 124 126 127 128 129 131 132 133 134 136 137 138 140 141 142 144 145 146 148 149 150 151 152 154 155 156 157 158 159 160 161 162 162
78 79 79 80 80 80 81 81 82 82 83 83 84 84 84 85 85 86 86 87 87 87 88 88 89 89 90 90 91 91 92 94 96 98 101 103 106 108 111 113 115 117 118 119 120 121 121 121 120 120 120 119 119 119 119 119 119 120 120 121 122 122 123 124 125 126 128 129 130 132 133 134 136 137 138 140 141 142 144 145 146 147 149 150 151 152 153 155 156 157 158 159 160 161 162 162
78 79 79 80 80 80 81 81 82 82 83 83 83 84 84 85 85 85 86 86 87 87 88 88 88 89 89 90 91 91 92 94 96 97 100 102 104 106 109 111 112 114 115 116 117 118 118 118 118 118 118 118 118 118 118 118 119 119 120 120 121 122 123 124 125 126 127 129 130 131 133 134 135 137 138 140 141 142 144 145 146 147 149 150 151 152 153 154 155 156 157 158 159 160 161 162
78 79 79 80 80 80 81 81 82 82 82 83 83 84 84 84 85 85 86 86 86 87 87 88 88 89 89 90 90 91 92 94 95 97 99 101 103 105 107 109 110 112 113 114 115 115 116 116 116 116 116 117 117 117 117 118 118 119 119 120 121 122 123 124 125 126 127 129 130 131 133 134 135 137 138 139 141 142 143 145 146 147 148 149 151 152 153 154 155 156 157 158 159 160 161 162
78 79 79 80 80 80 81 81 82 82 82 83 83 83 84 84 85 85 85 86 86 87 87 87 88 88 89 89 90 91 92 93 95 96 98 100 101 103 105 107 108 109 110 111 112 113 113 114 114 114 115 115 115 116 116 117 117 118 119 119 120 121 122 123 125 126 127 128 130 131 132 134 135 136 138 139 140 142 143 145 146 147 148 149 150 151 152 154 155 156 157 158 159 160 160 161
78 79 79 80 80 80 81 81 81 82 82 83 83 83 84 84 84 85 85 86 86 86 87 87 88 88 89 89 90 91 92 93 94 96 97 99 100 102 103 105 106 107 108 109 110 111 111 112 112 113 113 114 114 115 115 116 116 117 118 119 120 121 122 123 124 126 127 128 130 131 132 134 135 136 138 139 140 142 143 144 146 147 148 149 150 151 152 153 154 155 156 157 158 159 160 161
79 79 79 80 80 80 81 81 81 82 82 83 83 83 84 84 84 85 85 85 86 86 87 87 87 88 89 89 90 91 92 93 94 95 96 98 99 100 102 103 104 105 106 107 108 108 109 110 110 111 111 112 113 113 114 115 116 116 117 118 119 120 122 123 124 125 127 128 129 131 132 134 135 136 138 139 140 142 143 144 145 147 148 149 150 151 152 153 154 155 156 157 158 158 159 160
79 79 79 80 80 80 81 81 81 82 82 82 83 83 83 84 84 85 85 85 86 86 86 87 87 88 88 89 90 90 91 92 93 94 96 97 98 99 100 101 102 103 104 105 106 106 107 108 108 109 110 110 111 112 113 114 115 116 117 118 119 120 121 122 124 125 126 128 129 131 132 133 135 136 137 139 140 142 143 144 145 146 148 149 150 151 152 153 154 154 155 156 157 158 159 160
79 79 79 80 80 80 81 81 81 82 82 82 83 83 83 84 84 84 85 85 85 86 86 87 87 88 88 89 89 90 91 92 93 94 95 96 97 98 99 100 101 102 102 103 104 104 105 106 106 107 108 109 110 111 112 113 114 115 116 117 118 120 121 122 123 125 126 128 129 130 132 133 135 136 137 139 140 141 143 144 145 146 147 149 150 151 152 152 153 154 155 156 156 157 158 159
79 79 80 80 80 80 81 81 81 82 82 82 83 83 83 84 84 84 85 85 85 86 86 87 87 88 88 89 89 90 91 91 92 93 94 95 96 97 98 99 99 100 101 101 102 102 103 104 105 106 106 107 109 110 111 112 113 114 115 117 118 119 120 122 123 125 126 128 129 130 132 133 134 136 137 139 140 141 143 144 145 146 147 148 149 150 151 152 153 154 155 155 156 157 157 158
79 79 80 80 80 81 81 81 81 82 82 82 83 83 83 84 84 84 85 85 85 86 86 86 87 87 88 88 89 90 90 91 92 93 93 94 95 96 97 97 98 98 99 100 100 101 101 102 103 104 105 106 107 109 110 111 112 113 115 116 117 119 120 122 123 124 126 127 129 130 131 133 134 136 137 139 140 141 142 144 145 146 147 148 149 150 151 152 152 153 154 154 155 156 156 157
79 79 80 80 80 81 81 81 82 82 82 82 83 83 83 84 84 84 85 85 85 86 86 86 87 87 88 88 89 89 90 91 91 92 93 93 94 95 96 96 97 97 98 98 98 99 99 100 101 102 104 105 106 107 109 110 111 113 114 116 117 118 120 121 123 124 126 127 129 130 131 133 134 136 137 139 140 141 142 144 145 146 147 148 149 150 151 151 152 153 153 154 154 155 155 156
79 80 80 80 80 81 81 81 82 82 82 82 83 83 83 84 84 84 84 85 85 86 86 86 87 87 88 88 89 89 90 90 91 92 92 93 93 94 95 95 96 96 96 97 97 97 98 98 99 101 102 104 105 106 108 109 111 112 114 115 116 118 119 121 122 124 125 127 128 130 131 133 134 136 137 139 140 141 142 143 145 146 147 148 149 150 150 151 152 152 153 153 153 154 154 155
79 80 80 80 81 81 81 81 82 82 82 82 83 83 83 84 84 84 84 85 85 85 86 86 87 87 88 88 89 89 90 90 91 91 92 92 93 93 94 94 95 95 95 95 96 96 96 97 98 99 101 103 104 106 107 109 110 112 113 115 116 118 119 121 122 124 125 127 128 130 131 133 134 136 137 138 140 141 142 143 145 146 147 148 149 150 150 151 151 152 152 152 153 153 153 154
80 80 80 80 81 81 81 81 82 82 82 82 83 83 83 84 84 84 84 85 85 85 86 86 87 87 87 88 88 89 89 90 90 91 91 92 92 93 93 94 94 94 94 94 95 95 95 95 97 98 100 102 103 105 106 108 110 111 113 114 116 117 119 120 122 124 125 127 128 130 131 133 134 136 137 138 140 141 142 144 145 146 147 148 149 149 150 151 151 151 152 152 152 152 152 152
80 80 80 81 81 81 81 82 82 82 82 82 83 83 83 84 84 84 84 85 85 85 86 86 86 87 87 88 88 89 89 90 90 90 91 91 92 92 93 93 93 93 94 94 94 94 94 95 96 98 99 101 103 104 106 107 109 111 112 114 115 117 119 120 122 123 125 127 128 130 131 133 134 136 137 138 140 141 142 144 145 146 147 148 149 149 150 150 151 151 151 151 151 151 151 151
80 80 80 81 81 81 81 82 82 82 82 83 83 83 83 84 84 84 84 85 85 85 86 86 86 87 87 88 88 88 89 89 90 90 91 91 91 92 92 92 93 93 93 93 94 94 94 95 96 97 99 101 102 104 105 107 109 110 112 114 115 117 118 120 122 123 125 126 128 130 131 133 134 136 137 139 140 141 143 144 145 146 147 148 149 149 150 150 151 151 151 151 151 150 150 150
80 80 81 81 81 81 82 82 82 82 82 83 83 83 83 84 84 84 84 85 85 85 86 86 86 87 87 88 88 88 89 89 89 90 90 91 91 91 92 92 92 93 93 93 93 94 94 95 96 97 99 100 102 103 105 107 108 110 112 113 115 117 118 120 122 123 125 126 128 129 131 133 134 136 137 139 140 141 143 144 145 146 147 148 149 149 150 150 151 151 151 151 150 150 149 149
80 81 81 81 81 81 82 82 82 82 82 83 83 83 83 84 84 84 84 85 85 85 86 86 86 87 87 87 88 88 89 89 89 90 90 91 91 91 92 92 92 92 93 93 93 94 94 95 96 97 99 100 102 103 105 106 108 110 111 113 115 116 118 120 121 123 125 126 128 129 131 133 134 136 137 139 140 142 143 144 145 146 147 148 149 149 150 150 151 151 151 150 150 149 148 148
80 81 81 81 81 82 82 82 82 82 83 83 83 83 83 84 84 84 84 85 85 85 86 86 86 87 87 87 88 88 88 89 89 90 90 90 91 91 91 92 92 92 93 93 93 94 95 95 96 98 99 100 102 103 105 106 108 110 111 113 114 116 118 119 121 123 125 126 128 130 131 133 134 136 137 139 140 142 143 144 145 146 147 148 149 150 150 150 151 151 151 150 150 148 147 147
81 81 81 81 81 82 82 82 82 82 83 83 83 83 84 84 84 84 85 85 85 85 86 86 86 87 87 87 88 88 88 89 89 90 90 90 91 91 91 92 92 92 93 93 94 94 95 96 97 98 99 100 102 103 105 106 108 109 111 113 114 116 118 119 121 123 125 126 128 130 131 133 134 136 138 139 140 142 143 144 145 146 147 148 149 150 150 151 151 151 151 151 150 147 146 147
81 81 81 81 82 82 82 82 82 83 83 83 83 83 84 84 84 84 85 85 85 85 86 86 86 87 87 87 88 88 88 89 89 89 90 90 91 91 91 92 92 92 93 93 94 94 95 96 97 98 99 100 102 103 105 106 108 109 111 113 114 116 118 119 121 123 125 126 128 130 131 133 135 136 138 139 141 142 143 145 146 147 148 149 149 150 151 151 151 151 151 151 150 148 147 147
81 81 81 82 82 82 82 82 83 83 83 83 83 83 84 84 84 84 85 85 85 85 86 86 86 87 87 87 88 88 88 89 89 89 90 90 91 91 91 92 92 92 93 93 94 94 95 96 97 98 99 100 102 103 104 106 108 109 111 113 114 116 118 119 121 123 125 126 128 130 131 133 135 136 138 140 141 142 144 145 146 147 148 149 150 150 151 151 151 151 151 151 150 149 148 148
81 81 82 82 82 82 82 82 83 83 83 83 83 84 84 84 84 84 85 85 85 85 86 86 86 87 87 87 88 88 88 89 89 89 90 90 91 91 91 92 92 92 93 93 94 94 95 96 97 98 99 100 102 103 104 106 108 109 111 112 114 116 118 119 121 123 125 126 128 130 132 133 135 137 138 140 141 143 144 145 146 147 148 149 150 151 151 152 152 152 151 151 150 150 149 148
81 82 82 82 82 82 82 83 83 83 83 83 83 84 84 84 84 84 85 85 85 85 86 86 86 87 87 87 87 88 88 89 89 89 90 90 91 91 91 92 92 93 93 93 94 95 95 96 97 98 99 100 102 103 105 106 108 109 111 112 114 116 118 119 121 123 124 126 128 130 132 133 135 137 138 140 142 143 144 146 147 148 149 150 151 151 152 152 152 152 152 151 151 150 150 149
82 82 82 82 82 82 83 83 83 83 83 83 84 84 84 84 84 84 85 85 85 85 86 86 86 87 87 87 87 88 88 89 89 89 90 90 91 91 92 92 92 93 93 94 94 95 95 96 97 98 99 100 102 103 105 106 108 109 111 112 114 116 118 119 121 123 125 126 128 130 132 134 135 137 139 140 142 143 145 146 147 148 150 150 151 152 152 152 153 153 152 152 152 151 151 150
82 82 82 82 82 83 83 83 83 83 83 83 84 84 84 84 84 84 85 85 85 85 86 86 86 86 87 87 87 88 88 89 89 90 90 90 91 91 92 92 93 93 93 94 94 95 95 96 97 98 99 100 102 103 105 106 108 109 111 112 114 116 117 119 121 123 125 126 128 130 132 134 136 137 139 141 142 144 145 147 148 149 150 151 152 153 153 153 153 153 153 153 153 152 151 151
82 82 82 82 83 83 83 83 83 83 83 84 84 84 84 84 84 85 85 85 85 85 86 86 86 86 87 87 87 88 88 89 89 90 90 91 91 92 92 92 93 93 93 94 94 95 95 96 97 98 99 101 102 103 105 106 108 109 111 112 114 116 117 119 121 123 125 126 128 130 132 134 136 138 139 141 143 144 146 147 149 150 151 152 153 153 154 154 154 154 154 154 153 153 152 152
82 82 82 83 83 83 83 83 83 83 84 84 84 84 84 84 84 85 85 85 85 85 86 86 86 86 87 87 87 88 88 89 89 90 90 91 91 92 92 93 93 93 94 94 94 95 95 96 97 98 99 101 102 103 105 106 107 109 111 112 114 116 117 119 121 123 125 127 128 130 132 134 136 138 140 141 143 145 146 148 149 150 152 153 154 154 155 155 155 155 155 155 154 154 153 152
82 82 83 83 83 83 83 83 83 84 84 84 84 84 84 84 84 85 85 85 85 85 86 86 86 86 87 87 87 88 88 89 89 90 90 91 91 92 93 93 93 94 94 94 94 94 95 96 97 98 99 101 102 103 105 106 107 109 111 112 114 116 117 119 121 123 125 127 128 130 132 134 136 138 140 142 143 145 147 148 150 151 152 153 154 155 156 156 156 156 156 156 155 155 154 153
82 83 83 83 83 83 83 83 84 84 84 84 84 84 84 84 85 85 85 85 85 85 86 86 86 86 86 87 87 88 88 88 89 90 90 91 92 92 93 94 94 94 94 94 94 94 95 96 97 98 99 100 102 103 104 106 107 109 110 112 114 116 117 119 121 123 125 127 128 130 132 134 136 138 140 142 144 146 147 149 151 152 153 154 155 156 157 157 157 157 157 157 156 155 155 154
83 83 83 83 83 83 83 84 84 84 84 84 84 84 84 84 85 85 85 85 85 85 86 86 86 86 86 87 87 87 88 88 89 89 90 91 92 92 93 94 94 95 94 94 94 94 95 96 97 98 99 100 102 103 104 106 107 109 110 112 114 115 117 119 121 123 125 126 128 130 132 134 136 138 140 142 144 146 148 150 151 153 154 156 157 157 158 158 158 158 158 157 157 156 155 155
83 83 83 83 83 84 84 84 84 84 84 84 84 84 84 84 85 85 85 85 85 85 86 86 86 86 86 87 87 87 88 88 89 89 90 91 92 92 93 94 95 95 95 94 94 94 95 96 97 98 99 100 102 103 104 106 107 109 110 112 114 115 117 119 121 123 124 126 128 130 132 134 136 138 140 142 144 147 148 150 152 154 155 157 158 159 159 160 159 159 159 158 158 157 156 155
83 83 83 84 84 84 84 84 84 84 84 84 84 84 84 85 85 85 85 85 85 85 86 86 86 86 86 86 87 87 87 88 88 89 90 90 91 92 93 94 95 95 95 94 94 95 95 96 97 98 99 100 101 103 104 106 107 108 110 112 113 115 117 119 121 122 124 126 128 130 132 134 136 138 141 143 145 147 149 151 153 155 156 158 159 160 161 161 161 161 160 160 159 158 157 156
83 83 84 84 84 84 84 84 84 84 84 84 84 84 85 85 85 85 85 85 85 85 85 86 86 86 86 86 87 87 87 88 88 89 89 90 91 92 93 94 94 95 95 95 95 95 95 96 97 98 99 100 101 103 104 105 107 108 110 112 113 115 117 119 120 122 124 126 128 130 132 134 136 138 141 143 145 147 149 151 153 155 157 159 160 161 162 162 162 162 161 161 160 159 158 157
