Supplementary Data SD3/Tympanoctomys/_bio12_arg.asc
ncols  480
nrows  799
xllcorner  -73.5
yllcorner  -55
cellsize 0.0416666666666667
NODATA_value  -9999
[rows 507 to 545 of 799, columns 0 to 87 of 480]
2230 -9999 -9999 -9999 -9999 -9999 -9999 -9999 -9999 -9999 -9999 -9999 -9999 -9999 -9999 2375 2375 2359 2224 2229 2195 2205 1982 1707 1750 1812 1977 1806 1687 1785 1768 1675 1506 1684 1484 1336 1233 1140 1132 1255 1316 1199 1209 989 1008 1020 840 768 739 710 664 623 585 559 546 505 465 440 418 396 377 361 348 334 320 308 306 306 299 298 290 270 251 238 231 229 225 212 207 202 199 195 193 189 185 183 180 181
2240 -9999 -9999 -9999 -9999 -9999 -9999 -9999 -9999 -9999 -9999 -9999 -9999 -9999 -9999 -9999 2386 2384 2365 2332 2171 2059 1875 1906 2111 2060 2108 1930 1950 1683 1518 1465 1412 1474 1674 1252 1365 1088 1125 1177 1069 1075 1196 916 921 1037 871 767 746 717 663 614 569 537 521 495 459 433 410 395 372 360 343 333 318 304 303 301 295 294 282 271 262 254 241 232 226 216 205 204 199 195 189 184 181 180 179 180
2271 2278 -9999 -9999 -9999 -9999 -9999 -9999 -9999 -9999 -9999 -9999 -9999 -9999 -9999 -9999 2408 2398 2390 2354 2180 2154 2072 1993 2257 1937 2097 1780 1662 1801 1633 1508 1600 1389 1575 1518 1413 1170 1094 1019 974 993 1185 942 861 991 914 799 769 717 671 619 571 535 503 473 445 425 407 389 370 364 348 326 311 309 307 298 291 290 275 264 258 254 244 236 224 215 213 207 199 191 188 182 180 180 176 175
2276 2300 2324 2343 -9999 -9999 -9999 -9999 -9999 -9999 -9999 -9999 -9999 -9999 -9999 -9999 2415 2412 2404 2391 2341 2352 2348 2190 2302 2127 2087 1779 1629 1577 1416 1530 1758 1556 1298 1574 1605 1179 1268 1064 1020 1049 1235 965 842 916 954 870 825 765 707 619 580 557 520 478 443 421 401 383 368 358 344 323 308 316 307 296 290 280 268 259 255 248 243 233 224 217 208 199 195 188 186 180 177 175 175 172
-9999 -9999 2337 2351 -9999 -9999 -9999 -9999 -9999 -9999 -9999 -9999 -9999 -9999 -9999 2441 2427 2424 2331 2262 2394 2175 2231 2345 2328 1955 1949 2122 2116 1715 1471 1619 1425 1463 1742 1316 1460 1540 1660 1526 1411 1395 1381 1148 848 835 889 846 862 806 703 631 580 552 517 473 447 422 400 384 365 351 334 319 307 305 287 283 278 272 263 256 249 243 238 222 213 212 204 197 194 189 183 177 176 175 175 172
2315 2332 -9999 -9999 -9999 -9999 -9999 -9999 -9999 -9999 -9999 -9999 -9999 -9999 2462 2415 2385 2433 2386 2197 2359 2261 2288 2376 2358 2167 2126 2025 1714 1732 1789 1378 1555 1607 1476 1715 1202 1223 1227 1253 1113 1080 1328 1302 844 829 865 921 951 859 759 712 633 555 513 487 458 422 404 390 373 358 342 332 319 302 276 274 271 264 258 252 245 238 234 227 214 210 205 200 194 187 178 175 172 173 170 168
2337 -9999 -9999 -9999 -9999 -9999 -9999 -9999 -9999 -9999 -9999 -9999 -9999 2480 2474 2436 2359 2310 2339 2373 2327 2195 2228 2108 2366 2335 1904 1886 1906 1782 2029 1640 1505 1497 1712 1856 1516 1153 1154 1217 972 973 988 1266 1159 998 1023 1071 1014 929 852 713 649 582 513 491 455 428 413 388 366 353 346 331 320 289 273 265 262 257 253 247 240 238 230 223 214 202 195 196 191 185 177 174 172 169 168 166
2352 -9999 -9999 -9999 -9999 -9999 -9999 -9999 -9999 -9999 -9999 -9999 -9999 2486 2487 2449 2267 2306 2282 2205 2367 2165 2077 1953 2344 2322 1906 1753 1755 1725 1894 1983 1513 1562 1570 1884 1492 1508 1406 1049 1027 1222 1208 1273 1296 1278 1212 1131 1032 899 754 632 621 610 557 515 473 438 411 381 362 341 328 323 310 283 273 258 253 250 248 240 235 232 228 219 208 198 188 190 188 181 177 171 170 169 166 165
-9999 -9999 -9999 -9999 -9999 -9999 -9999 -9999 -9999 -9999 -9999 -9999 -9999 -9999 2503 2466 2073 2046 2265 2169 2197 2130 2141 2227 2350 2380 2207 1918 1777 2073 1790 1428 1414 1413 1481 1555 1680 1349 1903 1775 1587 1458 1187 1211 1359 1298 1216 1105 951 818 720 639 590 544 512 485 463 438 407 383 362 339 328 322 299 281 273 255 248 244 239 223 220 226 221 215 202 191 184 186 181 178 173 170 170 170 166 162
-9999 -9999 -9999 -9999 -9999 -9999 -9999 -9999 -9999 -9999 -9999 -9999 -9999 -9999 2518 2505 2373 2263 2194 2248 2228 2107 2216 2273 1937 2312 2367 2326 2208 1701 1488 1537 1646 1361 1256 1329 1604 1909 1791 1661 1223 1080 909 897 923 1047 1016 988 867 803 733 657 577 539 512 481 460 433 404 381 356 341 327 320 298 278 276 258 245 240 234 226 222 214 217 210 204 191 184 180 174 171 169 168 168 169 166 163
-9999 -9999 -9999 -9999 -9999 -9999 -9999 -9999 -9999 -9999 -9999 2553 2547 2539 2536 2529 2518 2436 2184 2412 2111 2043 1708 1739 1871 2233 2342 2266 2304 2006 1507 1625 1433 1744 1612 1521 1629 1734 1826 1446 1090 1114 905 882 873 959 904 879 839 791 720 690 613 551 511 482 461 427 399 375 358 344 333 316 289 276 272 255 239 234 228 218 210 215 214 206 198 188 183 178 171 171 166 164 162 165 165 165
-9999 -9999 -9999 -9999 -9999 -9999 -9999 -9999 -9999 -9999 2572 2566 2560 2513 2538 2536 2534 2520 2444 2285 2197 2287 2070 1531 1624 1990 2195 1787 2190 2269 1983 1869 1403 1309 1564 2028 2024 1681 1116 1160 1028 1007 922 922 894 956 887 866 862 785 699 622 565 534 504 484 452 427 400 375 359 342 341 312 286 275 267 246 235 230 222 218 218 214 206 197 189 184 177 172 169 169 164 163 164 164 164 164
-9999 -9999 -9999 -9999 -9999 -9999 -9999 -9999 -9999 -9999 2587 2585 2577 2530 2475 2503 2487 2528 2470 2231 2311 2342 1886 1847 1731 1660 2120 2079 1770 2063 2289 2172 1560 1583 1944 1868 1688 1248 1179 1094 1027 1000 961 865 988 1030 972 951 833 710 637 588 557 533 506 476 455 425 399 378 362 342 330 312 284 269 259 244 234 229 222 217 212 202 194 189 185 177 172 170 170 167 162 160 160 160 159 163
-9999 -9999 -9999 -9999 -9999 -9999 -9999 -9999 -9999 -9999 2608 2603 2593 2584 2562 2538 2335 2362 2474 2475 2469 2317 2226 2031 1808 1768 2119 2271 2092 2088 2280 2257 1538 1885 1751 1318 1315 1220 1127 1233 979 1025 964 1021 1147 1141 1057 881 765 694 643 598 562 533 502 475 452 426 397 379 363 351 336 315 287 267 252 246 231 222 215 212 209 201 191 184 178 172 172 167 162 162 161 158 157 156 152 158
-9999 -9999 -9999 -9999 -9999 -9999 -9999 -9999 -9999 2637 2627 2622 2560 2547 2540 2477 2260 2072 2194 2174 2404 2273 2034 1724 1798 2089 2315 2291 1719 1654 1838 2091 2038 2125 1462 1277 1297 1153 1110 1192 1155 1082 1198 1275 1219 1070 1020 846 772 733 686 639 582 536 502 473 452 421 395 377 357 342 328 315 288 265 249 245 232 218 210 205 204 197 189 180 174 172 166 167 166 165 157 157 156 157 155 158
-9999 -9999 -9999 -9999 -9999 -9999 -9999 -9999 -9999 2651 2629 2491 2600 2543 2496 2313 1906 1950 1903 2063 2024 2238 2227 1767 1762 1981 1876 2302 1832 1528 1450 1550 2027 2059 1647 1519 1523 1247 1181 1182 1305 1273 1242 1063 1166 1110 1045 926 851 789 716 663 621 570 518 477 452 418 394 374 356 332 319 313 289 263 249 242 230 217 205 201 195 188 181 174 172 168 165 163 163 158 156 157 156 155 157 158
-9999 -9999 -9999 -9999 -9999 -9999 -9999 -9999 -9999 -9999 2656 2633 2612 2609 2481 2126 2001 2346 2448 2380 2031 1831 1962 1906 1696 1673 1837 2277 1853 1576 1484 1571 1742 1958 1740 1369 1211 1205 1275 1269 1199 1061 1099 1272 1312 1272 1190 1104 983 847 745 660 619 590 554 494 448 417 392 371 348 334 328 300 279 261 243 233 220 211 203 202 193 184 179 172 171 167 163 161 158 157 155 155 154 154 156 158
-9999 -9999 -9999 -9999 -9999 -9999 -9999 -9999 -9999 -9999 -9999 2668 2596 2637 2508 2526 2548 2510 2408 2054 2026 1767 1852 2028 1849 1639 1807 2216 1956 1501 1502 1478 1548 1949 2064 1766 1431 1233 1074 1096 1203 1438 1549 1420 1175 1001 936 949 995 922 689 576 555 554 540 509 463 413 390 370 362 333 311 292 272 255 240 228 216 207 200 195 189 183 176 169 164 165 162 159 155 154 154 153 155 154 151 155
-9999 -9999 -9999 -9999 -9999 -9999 -9999 -9999 -9999 -9999 2710 2692 2677 2657 2645 2549 2581 2575 2469 2311 2071 2137 2005 1800 2107 1810 1654 2108 2123 1573 1455 1498 1775 1892 1595 1982 1825 1710 1423 1623 1689 1613 1459 1236 1029 851 757 710 771 924 800 581 553 529 508 505 478 436 404 382 357 327 302 282 265 254 242 227 212 203 195 188 185 177 172 166 163 160 159 160 158 156 154 157 154 154 155 155
-9999 -9999 -9999 -9999 -9999 -9999 -9999 -9999 -9999 -9999 -9999 2705 2694 2664 2617 2619 2550 2536 2535 2420 2229 2166 2039 1847 1925 2123 2152 2293 2207 1573 1498 1737 1939 1701 1854 1947 1807 1843 1803 1681 1488 1195 1080 1252 920 862 772 708 712 840 818 619 590 552 527 502 461 432 406 379 349 321 297 278 261 251 248 234 207 199 192 185 176 172 167 163 162 159 161 161 159 156 156 151 154 151 147 151
-9999 -9999 -9999 -9999 -9999 -9999 -9999 -9999 -9999 -9999 -9999 2727 2655 2506 2439 2573 2546 2491 2485 2446 2318 2112 2022 1882 1639 1842 1791 2158 2245 1817 1581 2052 2051 1971 1464 1254 1428 1315 1272 1223 1338 1075 1189 1075 824 780 738 704 707 751 797 671 634 575 535 494 453 416 387 360 337 314 295 275 257 247 244 232 208 199 188 181 175 177 164 162 159 158 153 152 151 148 149 147 146 150 151 151
2886 -9999 -9999 -9999 -9999 -9999 -9999 -9999 -9999 -9999 2748 2641 2585 2539 2530 2507 2528 2360 2469 2213 2179 2257 2283 2052 1693 1849 1790 2210 2117 2157 2050 2084 1867 1516 1581 1404 1312 1125 1127 1107 1426 1201 1044 1032 838 792 725 694 654 653 719 702 628 577 537 492 439 404 381 355 332 311 290 273 261 258 245 214 203 191 184 176 172 167 163 163 158 158 154 150 147 147 150 151 153 153 153 155
-9999 -9999 -9999 -9999 -9999 -9999 -9999 -9999 -9999 -9999 2760 2758 2732 2706 2669 2626 2516 2188 2423 2084 2067 1941 1891 1980 1783 1924 2093 2269 1848 1739 1553 1872 1672 1297 1296 1479 1211 1234 1183 1384 1378 1017 888 1026 895 832 713 692 659 651 674 665 609 547 509 478 442 402 375 352 328 307 288 270 270 256 233 210 200 193 181 176 172 162 159 159 158 156 154 154 150 146 145 143 143 143 144 147
-9999 -9999 -9999 -9999 -9999 -9999 -9999 -9999 -9999 -9999 -9999 2758 2723 2718 2535 2443 2632 2433 2522 2153 2227 1929 2080 1870 1713 1805 2051 2248 1750 1506 1638 1693 1766 1565 1325 1279 1187 1157 1241 1351 1026 982 953 961 821 846 735 699 674 654 641 628 590 545 512 472 431 401 373 347 325 305 284 266 261 256 230 217 207 189 176 172 166 158 154 154 152 149 151 148 146 146 143 142 142 142 144 145
-9999 -9999 -9999 -9999 -9999 -9999 -9999 -9999 -9999 -9999 2795 2770 2721 2726 2576 2501 2544 2440 2487 2457 2325 2310 2229 1967 1757 1849 2115 2208 2024 1535 1607 1420 1442 1604 1542 1317 1137 1112 1225 1077 987 949 916 835 826 797 810 771 714 675 634 603 570 535 497 458 429 398 369 347 329 301 279 268 283 263 233 217 195 178 171 166 162 158 158 154 150 148 145 146 144 142 143 142 142 141 139 144
-9999 -9999 -9999 -9999 -9999 2902 2881 2793 2714 -9999 2775 2658 2725 2638 2645 2629 2646 2550 2219 2237 1986 2018 1920 1929 1895 2101 2255 2087 2081 2120 1824 1351 1427 1418 1512 1357 1121 1129 1075 1109 1104 963 932 817 806 767 774 770 732 694 653 612 567 525 487 452 425 397 366 344 324 302 277 270 264 248 218 205 182 172 164 162 161 163 158 156 152 147 150 149 146 145 143 141 141 140 140 139
-9999 -9999 -9999 -9999 -9999 2909 2786 2672 2709 2831 2758 2731 2734 2696 2508 2345 2508 2625 2515 2159 2000 2015 2027 2079 2249 2349 2306 2108 2036 2103 2118 1808 1415 1246 1293 1199 1102 1041 1006 1038 1083 1037 1004 948 912 877 827 780 731 682 637 593 549 516 477 447 422 394 366 343 320 298 277 255 244 233 223 198 177 167 161 160 158 161 150 148 146 151 154 147 143 144 143 142 142 142 140 138
-9999 -9999 -9999 -9999 -9999 2913 2837 2727 2630 2807 2719 2716 2570 2692 2573 2475 2460 2576 2551 2499 2241 2284 2384 2386 2347 2337 2188 2141 2125 2063 2050 1903 1637 1547 1512 1191 1218 1182 1078 1093 941 915 957 839 799 758 770 748 710 663 612 574 540 507 471 442 420 393 368 340 314 296 274 253 235 220 206 188 172 162 157 158 160 149 150 146 147 150 149 145 143 142 141 140 141 139 138 137
-9999 -9999 -9999 -9999 -9999 2925 2876 2804 2818 2749 2639 2532 2600 2502 2348 2368 2487 2471 2148 2388 2488 2471 2452 2389 2339 2322 1826 1756 2158 1905 1839 1570 1438 1501 1508 1589 1479 1267 1138 1068 964 939 920 817 792 772 788 744 691 641 597 564 533 501 466 440 414 391 364 340 316 294 272 251 231 215 199 181 167 157 150 151 150 149 148 148 147 145 144 144 144 141 141 141 138 140 138 139
-9999 -9999 -9999 -9999 -9999 2935 2911 2736 2577 2795 2506 2669 2439 2135 1679 1665 2059 2284 2302 2093 2167 2297 2250 1968 2115 2205 1751 1885 2148 1954 2003 1890 1514 1337 1254 1257 1137 1189 1339 1196 970 892 857 820 815 849 814 730 675 629 584 557 524 497 467 438 411 385 360 337 312 292 269 250 232 213 202 187 166 153 146 148 151 150 150 149 148 145 144 145 147 144 139 143 140 138 139 139
3003 -9999 -9999 -9999 -9999 2928 2912 2744 2587 2839 2822 2718 2561 2473 2116 1980 2105 2069 2083 2183 1967 2180 1988 1915 2110 1987 1757 2092 1952 1571 1928 1979 1771 1363 1290 1257 1171 1200 1320 1137 1058 929 833 794 838 900 840 787 723 663 604 561 531 498 471 442 414 387 362 338 312 289 269 251 231 215 198 185 170 162 154 150 156 156 156 155 149 145 146 150 149 146 139 144 144 138 139 139
2983 -9999 -9999 -9999 2946 2929 2880 2845 2779 2827 2787 2586 2554 2584 2620 2537 2408 2358 2100 1902 1970 2031 1843 1922 2262 1934 1873 2111 1564 1636 1799 1948 1831 1469 1220 1275 1235 1237 1358 1007 980 996 920 941 951 916 828 800 716 679 626 590 554 514 479 450 423 394 368 343 314 289 270 252 233 215 202 189 178 182 170 158 162 164 163 158 153 150 147 146 146 142 139 140 139 138 137 139
-9999 -9999 -9999 -9999 -9999 2927 2888 2739 2807 2818 2691 2677 2455 2341 2463 2207 2210 2237 2265 2048 2077 2109 1786 1917 2253 1759 1735 2086 1797 1795 1606 1767 1425 1627 1514 1467 1283 1380 1428 1342 1231 1160 1105 1070 1005 933 833 785 765 724 680 640 594 551 509 474 445 411 378 345 316 293 273 251 234 218 207 190 182 179 167 163 165 167 166 161 153 152 150 148 143 143 140 140 138 140 142 141
-9999 -9999 -9999 -9999 -9999 -9999 2908 2865 2636 2752 2700 2598 2572 2469 2231 2328 2191 1939 2016 2122 2214 2119 1898 2092 1999 1880 1668 1884 1944 1440 1512 1624 1508 1317 1319 1283 1363 1331 1464 1408 1282 1193 1115 1089 1023 951 869 820 772 719 663 621 577 547 509 471 438 400 368 343 316 294 272 256 236 222 211 195 186 176 171 168 166 170 170 168 163 160 156 148 144 142 142 142 140 144 144 142
2969 -9999 -9999 -9999 -9999 -9999 2901 -9999 2851 2736 2793 2645 2648 2398 2410 2564 2453 2381 2394 2418 2123 2006 1958 2204 1791 1767 1478 1699 1875 1407 1380 1444 1383 1374 1397 1415 1460 1473 1437 1324 1133 1055 999 962 1008 922 842 791 717 674 626 581 546 512 478 443 417 391 365 337 313 293 275 256 241 227 212 201 193 189 180 172 168 171 174 171 168 162 159 150 149 144 142 143 142 144 146 145
-9999 -9999 -9999 -9999 2927 2907 2838 2873 2843 2807 2796 2698 2765 2662 2648 2536 2501 2356 2052 2059 1924 2102 2313 2019 1817 1597 1707 1873 1554 1384 1461 1449 1457 1489 1516 1500 1334 1403 1311 1166 967 976 923 842 877 884 832 753 704 661 613 570 529 493 462 437 408 387 361 337 314 295 277 259 247 231 215 206 201 200 193 183 176 175 176 174 169 160 155 152 152 147 147 146 143 143 143 145
-9999 -9999 -9999 -9999 2919 2713 2677 2726 2850 2756 2805 2750 2758 2731 2636 2350 2184 2184 2111 2257 2174 2377 2355 2105 1818 1632 1690 1514 1568 1494 1494 1335 1357 1456 1458 1258 1253 1085 1174 996 915 943 818 807 796 829 814 730 693 638 588 549 513 484 459 430 407 381 359 338 318 296 279 263 248 233 225 215 209 207 201 194 187 183 178 174 162 160 158 153 156 155 152 148 147 149 148 149
-9999 -9999 -9999 -9999 2913 2773 2807 2824 2711 2822 2706 2632 2632 2684 2679 2658 2621 2463 2300 2282 2376 2433 2259 1748 1467 1320 1341 1469 1452 1563 1510 1543 1475 1579 1176 1248 1229 1031 986 1002 912 866 814 798 744 756 777 726 675 618 567 535 511 484 459 434 408 383 360 338 317 301 283 268 251 239 233 230 219 209 202 197 192 187 179 171 167 164 163 154 152 156 153 149 145 153 151 151
-9999 -9999 -9999 -9999 -9999 2894 2758 2565 2703 2781 2721 2648 2386 2579 2689 2507 2592 2515 2418 2370 2480 2420 2056 1795 1556 1550 1588 1380 1322 1368 1437 1664 1627 1343 1208 1242 1096 1087 966 945 913 873 799 803 790 813 768 719 665 625 582 543 516 493 465 438 414 390 364 343 321 305 290 275 263 247 241 232 224 216 207 201 195 191 186 180 169 169 171 164 153 160 154 152 148 147 146 149
