Supplementary Data SD3/Tympanoctomys/_bio12_arg.asc
ncols  480
nrows  799
xllcorner  -73.5
yllcorner  -55
cellsize 0.0416666666666667
NODATA_value  -9999
[rows 39 to 77 of 799, columns 352 to 439 of 480]
964 976 991 1007 1028 1049 1074 1098 1121 1145 1162 1167 1167 1170 1171 1174 1179 1186 1192 1199 1207 1216 1226 1235 1245 1254 1267 1277 1289 1300 1310 1322 1336 1345 1354 1358 1361 1362 1361 1358 1354 1349 1348 1350 1366 1379 1391 1399 1407 1413 1417 1418 1419 1422 1428 1432 1432 1434 1438 1436 1441 1444 1449 1456 1458 1461 1466 1474 1482 1484 1487 1494 1500 1507 1520 1526 1538 1543 1552 1557 1560 1563 1566 1572 1578 1580 1581 1579
950 963 981 1001 1021 1044 1067 1091 1117 1139 1157 1162 1161 1162 1164 1168 1172 1180 1186 1195 1201 1211 1220 1230 1241 1250 1261 1275 1285 1295 1307 1319 1331 1343 1350 1356 1357 1355 1354 1350 1344 1336 1333 1338 1354 1371 1382 1393 1404 1408 1410 1414 1419 1422 1425 1428 1426 1431 1433 1437 1443 1447 1452 1460 1461 1470 1468 1474 1485 1487 1489 1495 1503 1514 1526 1534 1539 1548 1553 1560 1566 1566 1569 1572 1583 1586 1587 1586
931 953 971 991 1014 1036 1059 1082 1105 1127 1142 1150 1152 1153 1154 1159 1163 1171 1178 1187 1193 1205 1212 1224 1233 1244 1256 1267 1280 1293 1301 1314 1326 1337 1344 1349 1353 1350 1346 1342 1337 1331 1331 1334 1346 1360 1372 1386 1396 1402 1405 1410 1411 1418 1419 1422 1427 1432 1433 1440 1444 1451 1457 1462 1465 1471 1474 1481 1486 1492 1492 1500 1515 1523 1532 1539 1544 1550 1556 1562 1564 1567 1575 1580 1588 1589 1593 1591
920 940 963 984 1006 1029 1051 1072 1091 1110 1123 1132 1137 1140 1143 1150 1153 1162 1170 1179 1190 1198 1208 1220 1229 1239 1251 1262 1273 1285 1297 1306 1318 1330 1334 1338 1344 1344 1339 1335 1333 1330 1333 1337 1346 1357 1370 1383 1391 1399 1403 1408 1414 1415 1418 1422 1427 1433 1438 1441 1447 1453 1461 1466 1471 1476 1476 1485 1488 1488 1492 1502 1516 1518 1536 1544 1549 1557 1561 1565 1571 1572 1577 1583 1588 1593 1594 1595
921 942 960 979 998 1021 1040 1059 1077 1094 1105 1115 1119 1125 1129 1137 1143 1152 1161 1170 1180 1187 1197 1211 1220 1235 1243 1256 1267 1278 1289 1301 1311 1318 1327 1331 1332 1335 1335 1335 1333 1332 1334 1338 1351 1362 1368 1381 1390 1397 1401 1407 1410 1413 1418 1423 1428 1432 1439 1443 1444 1451 1460 1467 1466 1476 1480 1484 1488 1491 1496 1505 1512 1524 1535 1548 1552 1557 1566 1572 1574 1579 1584 1590 1594 1599 1600 1603
925 941 958 978 995 1015 1033 1049 1066 1079 1090 1100 1108 1109 1115 1124 1131 1139 1150 1160 1170 1182 1191 1202 1216 1224 1236 1250 1259 1271 1281 1292 1302 1311 1318 1323 1325 1328 1328 1332 1332 1336 1340 1343 1351 1361 1368 1376 1389 1394 1398 1405 1408 1411 1416 1417 1425 1432 1434 1438 1442 1451 1454 1465 1463 1474 1479 1489 1490 1490 1499 1506 1516 1526 1539 1547 1558 1565 1570 1577 1581 1584 1586 1593 1597 1603 1606 1605
930 945 959 975 990 1009 1023 1039 1054 1065 1077 1084 1090 1093 1100 1110 1118 1129 1141 1152 1163 1174 1184 1196 1207 1218 1231 1241 1252 1263 1274 1284 1292 1300 1310 1312 1317 1320 1323 1327 1328 1332 1338 1345 1354 1363 1370 1377 1383 1391 1391 1397 1403 1404 1405 1411 1418 1423 1429 1439 1445 1448 1450 1461 1467 1468 1478 1484 1491 1491 1501 1513 1518 1526 1533 1548 1564 1567 1575 1581 1584 1587 1590 1598 1605 1606 1608 1609
935 949 959 975 987 1004 1017 1032 1045 1057 1065 1070 1074 1076 1083 1096 1108 1120 1132 1144 1154 1169 1180 1187 1200 1210 1222 1236 1243 1256 1265 1275 1284 1292 1299 1305 1309 1312 1317 1321 1324 1332 1338 1344 1351 1358 1364 1371 1379 1389 1390 1391 1396 1398 1403 1409 1415 1423 1431 1437 1442 1448 1449 1456 1463 1471 1480 1483 1489 1493 1507 1517 1523 1534 1538 1549 1562 1570 1580 1587 1592 1594 1596 1603 1607 1609 1610 1614
941 951 961 974 988 1000 1009 1025 1035 1046 1055 1060 1061 1065 1075 1087 1099 1111 1122 1135 1149 1159 1171 1183 1192 1205 1217 1227 1237 1247 1256 1268 1275 1283 1291 1296 1303 1308 1313 1317 1325 1330 1335 1342 1347 1355 1361 1369 1374 1380 1383 1388 1391 1394 1399 1406 1413 1422 1426 1430 1435 1443 1448 1450 1461 1471 1481 1480 1482 1497 1505 1518 1527 1532 1542 1552 1560 1568 1581 1588 1596 1603 1604 1606 1612 1616 1615 1613
945 954 963 974 987 999 1008 1018 1029 1039 1044 1049 1054 1060 1069 1079 1092 1103 1117 1129 1140 1153 1163 1176 1187 1199 1211 1219 1230 1241 1251 1260 1267 1277 1284 1291 1297 1301 1309 1317 1319 1328 1335 1339 1346 1351 1359 1366 1370 1377 1377 1384 1388 1392 1395 1402 1412 1419 1418 1427 1434 1439 1442 1455 1466 1473 1480 1486 1485 1497 1509 1519 1526 1534 1543 1555 1563 1567 1580 1593 1598 1603 1606 1611 1615 1616 1621 1616
950 957 966 975 986 996 1005 1015 1025 1032 1039 1044 1051 1057 1066 1075 1089 1098 1113 1122 1133 1146 1158 1170 1180 1190 1202 1214 1225 1235 1244 1253 1261 1271 1278 1284 1291 1295 1303 1311 1318 1324 1329 1336 1344 1346 1357 1364 1367 1372 1375 1378 1384 1387 1397 1403 1408 1411 1415 1422 1430 1440 1438 1453 1461 1466 1477 1484 1485 1498 1507 1516 1524 1537 1549 1553 1562 1573 1583 1595 1602 1610 1614 1615 1615 1619 1624 1621
954 960 967 978 986 993 1004 1012 1019 1026 1035 1038 1046 1055 1064 1070 1083 1096 1105 1116 1130 1142 1151 1163 1175 1185 1197 1207 1218 1229 1238 1247 1253 1262 1272 1278 1285 1291 1299 1304 1313 1322 1329 1335 1342 1348 1358 1362 1366 1368 1370 1377 1385 1388 1392 1399 1402 1408 1410 1417 1429 1435 1436 1451 1455 1464 1472 1473 1484 1495 1506 1517 1529 1540 1548 1556 1570 1576 1587 1598 1609 1615 1619 1623 1622 1622 1623 1627
957 964 971 977 984 994 1001 1009 1017 1024 1031 1037 1044 1051 1061 1070 1082 1088 1103 1113 1123 1136 1145 1158 1169 1180 1191 1201 1213 1223 1231 1242 1251 1259 1265 1272 1281 1286 1293 1301 1310 1322 1329 1339 1342 1351 1356 1357 1360 1365 1370 1375 1378 1381 1386 1389 1395 1400 1403 1411 1423 1431 1432 1441 1447 1454 1464 1473 1486 1498 1509 1518 1527 1540 1549 1559 1568 1580 1594 1601 1611 1618 1622 1625 1626 1627 1631 1632
963 967 974 981 987 994 1002 1009 1015 1021 1029 1036 1043 1050 1058 1065 1077 1087 1098 1106 1118 1130 1141 1152 1163 1175 1187 1197 1207 1218 1229 1236 1244 1254 1259 1269 1274 1282 1289 1298 1309 1319 1328 1337 1341 1345 1350 1355 1358 1360 1362 1368 1370 1375 1380 1387 1389 1395 1400 1408 1419 1420 1428 1439 1447 1457 1469 1477 1488 1499 1510 1515 1531 1539 1549 1563 1578 1585 1598 1606 1615 1623 1629 1628 1633 1631 1635 1635
962 970 975 981 988 995 1001 1008 1014 1020 1027 1033 1039 1048 1055 1063 1071 1084 1091 1104 1113 1125 1135 1147 1160 1169 1180 1192 1205 1214 1224 1234 1242 1248 1258 1262 1268 1278 1282 1289 1302 1312 1323 1332 1339 1342 1342 1349 1350 1358 1360 1364 1369 1373 1380 1385 1388 1394 1402 1405 1409 1419 1427 1437 1448 1459 1468 1476 1482 1494 1503 1514 1527 1537 1553 1566 1576 1590 1603 1609 1619 1626 1629 1634 1637 1638 1636 1635
966 973 980 983 988 995 1002 1007 1013 1019 1025 1032 1038 1047 1052 1061 1068 1079 1088 1098 1109 1121 1131 1142 1154 1165 1176 1187 1199 1209 1218 1229 1240 1247 1254 1260 1267 1272 1278 1285 1295 1303 1315 1328 1331 1339 1342 1345 1349 1352 1355 1359 1365 1368 1372 1376 1388 1398 1405 1409 1409 1418 1424 1438 1448 1457 1462 1470 1473 1486 1498 1511 1523 1540 1554 1561 1579 1592 1606 1615 1624 1628 1634 1636 1640 1640 1638 1637
971 975 981 985 993 996 1003 1008 1013 1020 1024 1030 1037 1042 1050 1058 1066 1075 1085 1096 1105 1115 1128 1139 1151 1163 1174 1187 1197 1208 1218 1229 1238 1247 1253 1258 1264 1269 1272 1278 1290 1300 1312 1325 1329 1333 1339 1345 1349 1350 1356 1356 1358 1365 1366 1376 1386 1395 1399 1407 1408 1415 1423 1435 1449 1456 1457 1463 1470 1487 1498 1510 1521 1533 1546 1566 1578 1593 1609 1620 1628 1631 1633 1636 1640 1640 1640 1642
973 979 983 988 995 998 1002 1009 1013 1018 1023 1031 1036 1043 1047 1056 1063 1071 1081 1091 1102 1112 1122 1133 1147 1157 1170 1182 1196 1206 1217 1226 1237 1245 1252 1259 1264 1265 1270 1271 1285 1299 1311 1321 1327 1333 1336 1342 1346 1350 1351 1354 1358 1361 1367 1367 1376 1382 1388 1397 1406 1410 1424 1431 1439 1441 1446 1461 1474 1478 1490 1502 1516 1533 1551 1563 1578 1597 1612 1624 1631 1633 1634 1633 1637 1639 1641 1640
978 981 986 991 994 1000 1006 1010 1014 1020 1024 1028 1034 1040 1048 1052 1061 1069 1076 1087 1097 1108 1119 1132 1142 1155 1167 1180 1194 1204 1218 1229 1239 1249 1255 1261 1267 1271 1272 1279 1289 1301 1311 1320 1329 1335 1341 1345 1345 1348 1352 1357 1358 1364 1369 1370 1372 1374 1380 1387 1397 1404 1416 1425 1427 1433 1450 1468 1475 1478 1493 1499 1515 1524 1539 1555 1575 1592 1607 1625 1630 1631 1633 1632 1628 1633 1635 1637
981 985 990 993 999 1002 1006 1011 1014 1018 1023 1028 1032 1037 1043 1051 1056 1066 1072 1082 1091 1105 1116 1126 1139 1151 1164 1176 1192 1205 1219 1228 1242 1252 1258 1269 1272 1278 1283 1288 1298 1308 1318 1324 1331 1337 1345 1348 1345 1350 1354 1357 1361 1368 1365 1366 1374 1377 1375 1383 1388 1392 1401 1409 1421 1435 1449 1463 1472 1478 1488 1498 1513 1522 1536 1550 1563 1582 1598 1614 1621 1624 1628 1628 1624 1624 1625 1627
985 989 993 998 1001 1007 1010 1012 1014 1018 1024 1027 1031 1035 1040 1047 1052 1063 1070 1078 1087 1098 1109 1124 1135 1148 1164 1177 1190 1204 1219 1233 1245 1257 1265 1274 1282 1288 1295 1302 1310 1319 1326 1332 1338 1342 1345 1346 1348 1353 1356 1358 1363 1365 1366 1365 1372 1372 1371 1385 1392 1394 1408 1415 1414 1433 1444 1457 1470 1481 1491 1499 1510 1516 1530 1541 1557 1574 1591 1602 1607 1613 1617 1614 1619 1619 1622 1622
989 992 996 1000 1003 1009 1012 1014 1016 1018 1022 1026 1030 1035 1039 1043 1051 1056 1065 1074 1084 1094 1105 1117 1132 1145 1160 1177 1190 1207 1221 1236 1251 1263 1276 1284 1296 1303 1308 1314 1324 1331 1336 1341 1349 1348 1347 1349 1351 1350 1354 1357 1362 1364 1365 1361 1366 1369 1366 1375 1390 1398 1403 1404 1415 1429 1440 1453 1471 1481 1495 1501 1506 1513 1524 1531 1545 1563 1576 1591 1598 1601 1607 1608 1616 1618 1617 1621
993 998 1002 1005 1007 1011 1015 1016 1017 1018 1022 1025 1029 1033 1038 1042 1048 1052 1060 1070 1078 1089 1101 1114 1128 1141 1158 1174 1189 1209 1224 1241 1259 1273 1287 1298 1306 1316 1324 1331 1337 1344 1351 1355 1358 1360 1356 1355 1357 1354 1350 1349 1354 1352 1359 1362 1360 1365 1364 1372 1381 1396 1397 1405 1414 1432 1445 1456 1472 1483 1487 1492 1509 1516 1515 1523 1533 1545 1561 1576 1586 1592 1601 1603 1607 1614 1615 1614
1000 1001 1005 1009 1010 1013 1017 1019 1019 1023 1023 1025 1027 1030 1033 1038 1044 1050 1056 1065 1074 1085 1096 1109 1124 1141 1157 1172 1193 1208 1228 1246 1265 1282 1297 1312 1322 1330 1340 1347 1353 1358 1364 1366 1367 1363 1361 1364 1358 1356 1352 1351 1349 1346 1351 1357 1360 1360 1359 1366 1381 1395 1398 1406 1413 1424 1440 1456 1472 1473 1474 1497 1501 1514 1514 1518 1529 1538 1547 1560 1570 1581 1585 1593 1598 1603 1604 1603
1004 1006 1010 1013 1015 1016 1018 1020 1023 1024 1023 1024 1026 1028 1030 1034 1039 1043 1051 1059 1069 1080 1092 1105 1118 1135 1154 1172 1192 1210 1233 1251 1273 1290 1311 1325 1338 1347 1354 1360 1367 1372 1372 1375 1372 1370 1367 1363 1360 1359 1355 1352 1351 1341 1341 1344 1357 1352 1350 1363 1380 1396 1398 1413 1414 1422 1443 1453 1458 1460 1476 1482 1497 1510 1504 1514 1522 1532 1542 1554 1558 1568 1575 1580 1586 1592 1595 1602
1008 1013 1017 1019 1021 1022 1022 1022 1024 1024 1024 1025 1026 1027 1029 1031 1035 1040 1045 1052 1060 1071 1084 1099 1113 1133 1150 1170 1191 1212 1233 1258 1279 1302 1322 1338 1353 1363 1370 1376 1381 1385 1389 1390 1388 1379 1370 1363 1360 1356 1348 1345 1347 1344 1344 1338 1351 1343 1353 1352 1367 1391 1410 1415 1408 1417 1430 1439 1449 1464 1461 1471 1493 1499 1494 1496 1504 1514 1525 1543 1555 1562 1571 1575 1582 1590 1591 1598
1014 1019 1022 1023 1024 1027 1028 1026 1028 1024 1026 1025 1024 1026 1026 1027 1031 1033 1039 1046 1055 1067 1078 1093 1109 1126 1147 1169 1190 1213 1236 1262 1287 1311 1333 1353 1368 1379 1383 1387 1391 1398 1401 1403 1396 1385 1379 1373 1361 1350 1348 1341 1339 1341 1338 1334 1342 1350 1347 1356 1355 1378 1403 1409 1421 1429 1432 1441 1465 1485 1478 1469 1483 1492 1477 1478 1496 1509 1527 1533 1545 1559 1569 1574 1575 1587 1591 1595
1020 1025 1029 1029 1031 1031 1031 1032 1030 1029 1027 1026 1024 1024 1024 1024 1026 1031 1032 1040 1049 1059 1072 1088 1104 1121 1144 1166 1187 1214 1239 1266 1290 1316 1342 1362 1380 1389 1393 1396 1400 1403 1405 1402 1399 1391 1383 1375 1363 1351 1341 1338 1334 1337 1334 1330 1340 1349 1351 1351 1357 1369 1391 1425 1434 1431 1446 1449 1462 1486 1490 1480 1471 1473 1470 1482 1491 1510 1522 1533 1547 1552 1563 1574 1580 1586 1594 1601
1027 1031 1034 1038 1038 1038 1036 1036 1033 1030 1027 1025 1023 1022 1020 1021 1021 1025 1029 1033 1040 1051 1065 1078 1096 1116 1141 1163 1187 1216 1239 1267 1295 1319 1345 1369 1385 1393 1398 1398 1403 1405 1404 1401 1397 1389 1379 1369 1362 1353 1342 1336 1330 1326 1333 1326 1341 1350 1341 1347 1365 1369 1395 1425 1441 1443 1464 1456 1459 1482 1492 1493 1483 1473 1476 1480 1493 1510 1532 1544 1546 1558 1566 1580 1582 1585 1589 1595
1034 1038 1042 1043 1044 1041 1040 1039 1035 1033 1029 1026 1024 1021 1019 1018 1018 1018 1022 1026 1033 1042 1056 1070 1092 1113 1135 1161 1186 1212 1240 1268 1295 1320 1345 1368 1382 1393 1398 1401 1404 1404 1404 1399 1396 1385 1376 1368 1359 1353 1343 1334 1326 1320 1319 1315 1316 1343 1349 1353 1368 1370 1393 1418 1453 1470 1478 1470 1467 1474 1487 1493 1498 1487 1486 1491 1499 1513 1538 1545 1551 1564 1570 1575 1577 1584 1589 1595
1041 1046 1050 1052 1048 1049 1046 1042 1040 1037 1033 1026 1023 1021 1017 1014 1013 1014 1017 1019 1025 1034 1048 1066 1085 1107 1132 1159 1185 1214 1239 1268 1295 1319 1343 1363 1377 1388 1394 1400 1401 1403 1401 1397 1392 1384 1376 1367 1362 1354 1343 1334 1324 1317 1310 1306 1300 1314 1343 1369 1373 1388 1406 1418 1454 1482 1484 1493 1487 1490 1507 1513 1510 1500 1500 1504 1518 1531 1547 1548 1552 1559 1566 1574 1575 1577 1583 1588
1046 1055 1058 1057 1055 1053 1051 1048 1044 1041 1035 1031 1026 1022 1018 1012 1010 1009 1010 1013 1018 1026 1040 1058 1078 1101 1130 1158 1186 1215 1242 1268 1293 1320 1342 1359 1374 1382 1391 1396 1398 1399 1398 1394 1388 1381 1376 1368 1360 1350 1345 1334 1326 1319 1310 1301 1298 1298 1322 1372 1393 1412 1419 1430 1448 1494 1505 1499 1514 1505 1515 1526 1530 1523 1523 1529 1541 1545 1547 1554 1557 1560 1568 1572 1570 1577 1583 1589
1053 1063 1063 1061 1060 1060 1056 1053 1047 1043 1037 1032 1025 1023 1017 1014 1010 1008 1006 1007 1011 1020 1034 1048 1072 1099 1128 1157 1186 1217 1245 1270 1293 1317 1336 1355 1368 1379 1389 1392 1394 1397 1395 1390 1386 1381 1374 1370 1362 1353 1342 1336 1330 1322 1313 1306 1302 1304 1320 1348 1378 1427 1446 1465 1456 1496 1532 1529 1531 1527 1523 1528 1542 1550 1547 1558 1563 1559 1551 1558 1560 1562 1568 1569 1569 1575 1583 1590
1052 1060 1065 1064 1065 1063 1061 1058 1053 1047 1044 1037 1030 1025 1020 1014 1009 1004 1004 1002 1008 1016 1028 1045 1070 1100 1132 1163 1191 1220 1246 1271 1297 1317 1336 1353 1366 1377 1385 1388 1393 1393 1392 1389 1386 1381 1374 1370 1363 1356 1348 1343 1334 1327 1322 1317 1315 1320 1349 1382 1382 1421 1466 1480 1479 1512 1559 1559 1551 1567 1546 1549 1550 1556 1574 1573 1569 1564 1560 1558 1561 1563 1567 1573 1570 1576 1577 1582
1048 1056 1063 1064 1067 1066 1066 1063 1059 1054 1047 1040 1034 1027 1021 1017 1013 1008 1004 1005 1006 1015 1027 1040 1071 1103 1137 1171 1200 1228 1255 1278 1301 1321 1338 1352 1365 1376 1381 1387 1391 1392 1391 1388 1386 1382 1376 1371 1364 1358 1352 1346 1343 1336 1333 1329 1330 1336 1361 1407 1426 1430 1464 1513 1515 1520 1560 1589 1596 1600 1580 1565 1567 1569 1579 1589 1583 1575 1573 1571 1569 1565 1569 1573 1567 1574 1575 1582
1044 1054 1060 1066 1069 1073 1072 1070 1065 1059 1052 1046 1038 1031 1026 1023 1018 1014 1010 1005 1011 1027 1039 1048 1083 1118 1153 1184 1212 1239 1263 1285 1306 1323 1340 1353 1363 1373 1379 1385 1388 1388 1391 1388 1385 1381 1377 1371 1368 1363 1356 1351 1348 1347 1346 1341 1344 1353 1369 1402 1437 1475 1476 1529 1542 1555 1577 1612 1635 1623 1604 1592 1594 1596 1603 1602 1588 1587 1584 1576 1577 1572 1567 1571 1567 1572 1576 1585
1040 1050 1058 1066 1074 1078 1081 1079 1074 1065 1058 1052 1043 1036 1032 1029 1029 1026 1026 1022 1027 1061 1085 1097 1118 1147 1174 1202 1229 1252 1276 1297 1314 1330 1344 1354 1366 1373 1379 1384 1388 1388 1389 1390 1387 1382 1381 1377 1372 1369 1365 1359 1355 1358 1353 1358 1360 1370 1382 1400 1438 1481 1514 1545 1580 1608 1633 1653 1675 1669 1650 1634 1631 1620 1611 1609 1598 1596 1590 1587 1576 1577 1573 1567 1573 1575 1579 1583
1038 1045 1054 1066 1075 1083 1088 1088 1081 1071 1063 1056 1048 1044 1043 1040 1041 1044 1052 1060 1083 1137 1160 1160 1168 1184 1205 1228 1246 1270 1288 1307 1323 1338 1350 1360 1367 1375 1380 1384 1386 1387 1389 1389 1385 1384 1383 1379 1376 1372 1370 1368 1364 1368 1374 1376 1380 1384 1394 1409 1436 1483 1533 1565 1620 1651 1679 1699 1701 1691 1678 1658 1651 1641 1622 1620 1608 1601 1591 1589 1584 1583 1579 1572 1569 1574 1576 1575
1033 1043 1054 1066 1078 1087 1096 1096 1087 1078 1068 1059 1054 1049 1050 1050 1058 1069 1084 1111 1155 1217 1226 1214 1211 1219 1235 1252 1271 1288 1305 1320 1336 1347 1356 1362 1371 1375 1381 1384 1387 1391 1390 1390 1387 1388 1386 1383 1381 1378 1377 1376 1374 1376 1377 1381 1388 1397 1405 1423 1444 1479 1531 1593 1633 1669 1711 1726 1727 1716 1700 1685 1664 1650 1631 1626 1616 1600 1594 1592 1587 1586 1577 1571 1573 1579 1573 1574
