Supplementary Data SD3/Tympanoctomys/_bio12_arg.asc
ncols  480
nrows  799
xllcorner  -73.5
yllcorner  -55
cellsize 0.0416666666666667
NODATA_value  -9999
[rows 78 to 116 of 799, columns 352 to 439 of 480]
1031 1043 1053 1067 1078 1089 1099 1099 1090 1078 1072 1064 1056 1053 1054 1062 1074 1088 1115 1145 1190 1232 1247 1245 1244 1253 1263 1274 1291 1304 1321 1334 1346 1354 1362 1369 1374 1380 1385 1386 1387 1391 1392 1393 1393 1392 1390 1388 1385 1384 1385 1388 1387 1385 1388 1394 1399 1413 1420 1439 1457 1474 1518 1562 1608 1677 1741 1763 1745 1719 1704 1695 1675 1654 1635 1629 1622 1613 1599 1592 1592 1586 1582 1574 1569 1572 1566 1572
1036 1044 1055 1066 1079 1090 1094 1094 1089 1083 1072 1063 1061 1055 1060 1070 1085 1107 1134 1166 1203 1236 1255 1263 1270 1275 1285 1297 1311 1323 1337 1349 1358 1361 1368 1372 1376 1382 1386 1396 1396 1392 1394 1395 1395 1394 1394 1392 1389 1390 1390 1390 1396 1395 1399 1405 1407 1426 1441 1455 1469 1490 1518 1558 1639 1713 1750 1766 1755 1734 1704 1687 1671 1661 1640 1626 1619 1618 1607 1594 1587 1583 1580 1574 1566 1564 1560 1566
1042 1049 1059 1070 1078 1086 1089 1091 1087 1082 1074 1070 1063 1058 1062 1077 1097 1121 1150 1180 1213 1239 1263 1276 1285 1296 1304 1318 1329 1340 1353 1367 1369 1369 1371 1374 1378 1383 1385 1392 1402 1399 1398 1399 1399 1398 1397 1396 1397 1397 1397 1399 1402 1408 1412 1414 1424 1432 1450 1469 1482 1513 1526 1554 1611 1698 1735 1749 1736 1713 1708 1694 1676 1655 1643 1631 1619 1612 1606 1598 1589 1578 1579 1572 1568 1564 1557 1554
1046 1054 1063 1069 1076 1085 1089 1090 1089 1085 1078 1073 1069 1062 1065 1086 1110 1135 1165 1191 1220 1247 1268 1285 1299 1310 1325 1333 1346 1353 1362 1372 1371 1373 1378 1386 1384 1386 1386 1392 1396 1403 1404 1405 1404 1400 1400 1402 1402 1404 1402 1406 1410 1418 1418 1427 1434 1450 1451 1464 1489 1511 1524 1545 1570 1644 1705 1715 1714 1706 1685 1689 1680 1659 1646 1637 1625 1610 1606 1596 1584 1574 1569 1565 1561 1562 1559 1553
1052 1060 1065 1073 1078 1085 1089 1090 1089 1089 1085 1083 1077 1077 1082 1101 1124 1149 1175 1201 1229 1254 1275 1295 1311 1325 1338 1349 1357 1367 1367 1371 1374 1375 1376 1384 1392 1389 1396 1395 1398 1401 1403 1408 1410 1408 1406 1406 1408 1410 1412 1413 1416 1420 1428 1432 1439 1453 1467 1475 1491 1510 1526 1547 1573 1627 1669 1679 1686 1673 1670 1669 1657 1650 1647 1633 1621 1607 1599 1595 1582 1568 1560 1552 1550 1550 1553 1554
1056 1063 1069 1076 1082 1088 1091 1092 1095 1094 1093 1092 1093 1096 1103 1121 1140 1163 1188 1213 1238 1261 1285 1304 1320 1337 1351 1365 1373 1377 1376 1373 1371 1373 1375 1381 1395 1398 1400 1398 1401 1404 1407 1413 1416 1419 1412 1415 1415 1414 1417 1420 1425 1430 1433 1443 1448 1455 1471 1493 1507 1523 1532 1549 1578 1592 1622 1648 1649 1663 1661 1652 1647 1642 1636 1628 1618 1607 1595 1589 1579 1566 1559 1548 1541 1539 1540 1549
1062 1067 1076 1080 1086 1091 1097 1098 1100 1101 1103 1104 1109 1114 1126 1138 1155 1178 1203 1225 1249 1271 1292 1312 1330 1349 1364 1378 1388 1388 1383 1377 1373 1374 1372 1378 1392 1401 1402 1406 1405 1409 1411 1415 1423 1426 1426 1421 1418 1421 1422 1426 1430 1438 1448 1453 1460 1465 1476 1507 1516 1527 1541 1544 1556 1568 1587 1619 1625 1627 1634 1643 1642 1642 1636 1627 1619 1607 1593 1588 1573 1557 1549 1538 1532 1530 1530 1539
1064 1073 1079 1085 1091 1095 1100 1104 1108 1112 1113 1117 1120 1132 1141 1155 1174 1194 1213 1237 1258 1279 1301 1321 1339 1359 1375 1389 1403 1405 1399 1383 1377 1374 1373 1376 1382 1404 1409 1408 1421 1420 1419 1419 1424 1428 1435 1429 1424 1426 1431 1435 1437 1447 1453 1465 1470 1470 1480 1512 1518 1521 1533 1531 1543 1555 1572 1593 1606 1615 1621 1627 1628 1630 1628 1623 1618 1608 1590 1578 1569 1549 1535 1526 1519 1519 1521 1527
1071 1076 1084 1090 1097 1101 1106 1111 1117 1120 1124 1133 1137 1146 1159 1172 1189 1208 1227 1247 1269 1288 1308 1329 1347 1364 1383 1395 1414 1425 1418 1402 1387 1377 1374 1374 1379 1394 1410 1417 1428 1427 1431 1425 1424 1427 1434 1436 1431 1429 1434 1439 1441 1450 1456 1463 1477 1481 1484 1493 1510 1514 1521 1531 1541 1549 1557 1568 1584 1593 1610 1620 1623 1629 1630 1627 1623 1610 1596 1574 1559 1546 1529 1518 1509 1513 1514 1517
1075 1083 1088 1097 1101 1108 1113 1118 1123 1130 1136 1143 1151 1164 1174 1187 1204 1222 1241 1258 1280 1299 1317 1335 1353 1372 1388 1400 1413 1434 1426 1408 1387 1373 1371 1374 1378 1387 1403 1429 1436 1439 1442 1435 1427 1433 1441 1444 1436 1434 1442 1448 1447 1454 1464 1471 1486 1490 1493 1496 1507 1525 1526 1531 1540 1546 1548 1551 1566 1582 1593 1614 1624 1630 1634 1632 1628 1613 1597 1575 1553 1533 1516 1503 1499 1504 1507 1511
1081 1088 1094 1101 1109 1115 1121 1126 1134 1139 1148 1156 1165 1178 1188 1203 1218 1234 1251 1270 1289 1305 1325 1342 1359 1373 1389 1401 1411 1421 1427 1404 1379 1365 1360 1366 1375 1386 1399 1432 1442 1453 1448 1438 1431 1441 1442 1440 1440 1438 1445 1450 1453 1460 1469 1479 1491 1501 1497 1504 1515 1529 1536 1539 1539 1543 1544 1548 1559 1576 1589 1608 1617 1625 1632 1633 1631 1619 1601 1578 1552 1529 1509 1499 1499 1502 1505 1507
1087 1092 1099 1106 1113 1122 1126 1135 1142 1151 1158 1168 1177 1189 1202 1216 1231 1246 1263 1280 1296 1313 1330 1346 1361 1374 1387 1399 1407 1408 1406 1388 1363 1341 1346 1359 1374 1388 1400 1420 1447 1456 1456 1448 1442 1439 1438 1439 1441 1443 1449 1456 1459 1468 1480 1487 1499 1506 1512 1510 1524 1526 1533 1534 1538 1539 1547 1554 1565 1574 1587 1603 1616 1622 1631 1636 1632 1624 1605 1582 1556 1533 1515 1507 1505 1500 1505 1504
1091 1100 1105 1115 1121 1129 1135 1145 1152 1159 1171 1180 1189 1202 1214 1230 1243 1258 1274 1291 1307 1322 1337 1352 1366 1377 1388 1394 1400 1402 1396 1383 1359 1331 1336 1357 1375 1392 1402 1414 1441 1457 1457 1450 1446 1442 1437 1442 1443 1448 1453 1460 1467 1473 1483 1493 1504 1510 1519 1519 1526 1533 1530 1536 1540 1549 1554 1561 1567 1581 1589 1601 1610 1619 1628 1634 1634 1626 1608 1585 1562 1542 1529 1518 1509 1505 1500 1501
1095 1106 1112 1121 1127 1136 1145 1152 1161 1170 1182 1190 1202 1216 1229 1240 1257 1269 1285 1299 1315 1329 1342 1355 1367 1379 1387 1392 1397 1394 1388 1377 1363 1360 1355 1369 1384 1399 1413 1419 1437 1459 1453 1449 1446 1440 1440 1444 1450 1451 1459 1469 1473 1481 1492 1497 1506 1519 1518 1528 1531 1534 1538 1543 1546 1554 1559 1564 1571 1579 1589 1601 1611 1617 1625 1630 1629 1621 1609 1591 1570 1555 1542 1530 1520 1516 1505 1499
1101 1111 1117 1127 1135 1143 1152 1162 1171 1181 1191 1203 1214 1226 1238 1254 1267 1281 1294 1309 1322 1336 1350 1359 1372 1380 1389 1391 1393 1394 1390 1382 1376 1373 1379 1384 1398 1411 1426 1430 1437 1455 1466 1457 1447 1440 1441 1443 1454 1461 1464 1473 1478 1487 1494 1503 1513 1521 1523 1528 1532 1533 1537 1542 1550 1554 1559 1561 1572 1585 1597 1603 1612 1617 1624 1628 1626 1619 1608 1595 1584 1568 1558 1545 1532 1523 1516 1514
1108 1115 1124 1133 1140 1150 1158 1170 1179 1191 1202 1213 1224 1238 1250 1265 1279 1291 1306 1317 1330 1343 1355 1368 1376 1384 1388 1394 1394 1394 1394 1389 1386 1389 1397 1406 1415 1430 1441 1448 1450 1458 1464 1463 1465 1440 1437 1445 1453 1460 1465 1473 1480 1487 1498 1508 1520 1526 1530 1530 1540 1536 1538 1543 1549 1555 1554 1560 1573 1586 1598 1606 1611 1619 1623 1626 1625 1621 1609 1603 1594 1584 1575 1562 1550 1537 1529 1526
1112 1120 1130 1138 1148 1157 1167 1176 1187 1198 1210 1223 1237 1250 1261 1276 1289 1301 1314 1327 1341 1352 1362 1372 1380 1388 1392 1396 1397 1398 1399 1400 1399 1402 1412 1420 1434 1447 1459 1468 1474 1473 1465 1453 1457 1468 1466 1453 1457 1462 1469 1475 1481 1490 1499 1510 1522 1529 1537 1537 1538 1535 1536 1535 1543 1549 1555 1566 1570 1584 1599 1610 1615 1620 1624 1622 1620 1616 1614 1609 1605 1594 1587 1574 1564 1553 1546 1542
1119 1128 1134 1143 1154 1163 1172 1184 1198 1209 1221 1233 1245 1260 1272 1285 1301 1311 1324 1337 1350 1359 1370 1378 1387 1391 1398 1399 1403 1404 1405 1405 1412 1415 1424 1438 1451 1468 1482 1493 1501 1500 1487 1470 1459 1447 1453 1458 1463 1468 1472 1475 1481 1488 1501 1513 1527 1539 1542 1546 1544 1542 1541 1540 1543 1548 1560 1562 1573 1585 1599 1607 1612 1615 1621 1622 1620 1618 1619 1614 1607 1599 1593 1588 1578 1565 1560 1558
1124 1133 1141 1150 1160 1170 1183 1193 1207 1217 1231 1245 1256 1269 1284 1295 1311 1323 1334 1348 1357 1369 1377 1386 1391 1396 1403 1406 1405 1409 1412 1414 1420 1428 1441 1455 1471 1487 1503 1517 1529 1529 1510 1488 1478 1473 1476 1474 1476 1479 1477 1477 1480 1489 1497 1511 1525 1544 1546 1543 1544 1549 1540 1543 1543 1550 1555 1566 1573 1592 1600 1606 1613 1617 1620 1621 1624 1620 1619 1617 1609 1607 1603 1599 1590 1580 1575 1575
1127 1136 1146 1155 1166 1174 1189 1200 1212 1225 1239 1252 1267 1280 1294 1307 1320 1334 1345 1358 1368 1378 1387 1392 1399 1402 1408 1409 1411 1414 1418 1420 1426 1435 1448 1462 1482 1503 1520 1531 1544 1540 1520 1504 1489 1490 1491 1498 1501 1490 1482 1480 1475 1479 1485 1500 1517 1534 1536 1529 1536 1563 1561 1540 1542 1549 1551 1568 1582 1596 1604 1611 1614 1618 1621 1624 1625 1624 1621 1618 1616 1609 1609 1607 1601 1592 1591 1589
1131 1141 1151 1161 1172 1183 1194 1206 1219 1236 1249 1261 1276 1291 1305 1317 1330 1344 1356 1366 1376 1386 1393 1399 1406 1410 1412 1415 1416 1420 1422 1427 1433 1441 1452 1467 1486 1506 1518 1531 1530 1526 1515 1506 1501 1498 1503 1512 1512 1499 1486 1478 1467 1464 1466 1472 1484 1496 1506 1509 1522 1575 1566 1539 1546 1555 1557 1561 1583 1593 1600 1607 1616 1622 1622 1626 1630 1625 1623 1620 1619 1617 1619 1611 1611 1607 1611 1605
1138 1144 1157 1165 1176 1188 1200 1213 1228 1241 1256 1270 1285 1300 1314 1328 1341 1355 1365 1378 1388 1396 1403 1408 1413 1414 1417 1418 1419 1423 1424 1428 1434 1441 1454 1465 1484 1500 1512 1518 1519 1515 1506 1498 1500 1505 1519 1522 1519 1498 1480 1468 1457 1453 1449 1445 1450 1460 1474 1489 1502 1556 1554 1549 1578 1569 1564 1564 1581 1593 1599 1611 1624 1626 1630 1632 1631 1628 1627 1624 1626 1624 1626 1622 1626 1622 1614 1611
1141 1150 1159 1170 1180 1191 1204 1222 1233 1250 1265 1280 1294 1311 1324 1338 1352 1363 1375 1386 1396 1405 1410 1419 1421 1421 1422 1423 1422 1425 1426 1431 1435 1442 1451 1461 1475 1490 1500 1498 1500 1500 1494 1483 1493 1507 1521 1532 1525 1504 1481 1463 1446 1438 1429 1420 1424 1435 1451 1468 1493 1513 1532 1582 1601 1565 1570 1579 1588 1593 1603 1610 1621 1624 1634 1635 1634 1631 1635 1630 1634 1633 1637 1634 1630 1624 1623 1624
1144 1153 1163 1173 1186 1197 1211 1226 1239 1256 1273 1288 1306 1321 1335 1350 1361 1375 1387 1394 1407 1415 1420 1426 1429 1428 1427 1423 1424 1422 1426 1427 1432 1439 1446 1454 1466 1477 1486 1491 1489 1485 1477 1468 1489 1508 1515 1516 1515 1518 1501 1473 1443 1422 1414 1408 1409 1418 1438 1454 1468 1484 1503 1509 1523 1536 1563 1583 1585 1604 1607 1613 1619 1623 1638 1640 1637 1635 1643 1641 1645 1642 1641 1639 1638 1637 1634 1634
1149 1158 1168 1176 1189 1201 1216 1228 1247 1264 1281 1297 1314 1329 1346 1359 1373 1385 1395 1404 1414 1421 1429 1435 1435 1431 1428 1424 1422 1422 1424 1424 1429 1435 1446 1447 1458 1466 1473 1475 1475 1472 1460 1448 1459 1489 1508 1508 1517 1512 1502 1486 1461 1419 1399 1399 1402 1411 1424 1439 1457 1475 1489 1497 1509 1525 1534 1559 1570 1589 1588 1592 1616 1630 1641 1649 1640 1647 1651 1648 1647 1647 1639 1638 1640 1637 1644 1643
1153 1159 1169 1179 1192 1204 1219 1235 1249 1269 1287 1305 1324 1337 1355 1371 1384 1395 1403 1413 1420 1428 1435 1441 1439 1432 1429 1423 1420 1419 1418 1420 1425 1432 1442 1440 1450 1458 1457 1453 1448 1443 1435 1428 1438 1470 1496 1498 1493 1500 1467 1444 1434 1405 1387 1383 1388 1401 1415 1431 1449 1467 1479 1488 1505 1512 1528 1544 1550 1559 1571 1594 1620 1631 1647 1652 1651 1656 1652 1653 1651 1647 1641 1644 1642 1644 1640 1642
1155 1164 1170 1181 1195 1208 1221 1241 1258 1276 1294 1314 1331 1350 1367 1381 1394 1404 1410 1420 1426 1432 1438 1438 1437 1429 1426 1421 1415 1414 1415 1414 1417 1423 1432 1431 1439 1453 1452 1444 1440 1430 1424 1419 1425 1440 1458 1479 1476 1469 1434 1423 1403 1385 1376 1370 1381 1394 1415 1435 1449 1459 1469 1484 1494 1508 1517 1531 1542 1554 1569 1585 1598 1616 1635 1641 1656 1661 1659 1656 1653 1655 1656 1653 1648 1643 1645 1646
1158 1166 1172 1183 1194 1209 1224 1244 1262 1282 1302 1322 1341 1360 1377 1393 1405 1411 1420 1425 1430 1434 1436 1436 1433 1428 1420 1415 1411 1409 1407 1408 1411 1411 1416 1421 1429 1439 1443 1439 1429 1426 1421 1416 1416 1426 1434 1430 1437 1442 1415 1417 1390 1373 1362 1359 1367 1391 1409 1441 1447 1454 1464 1478 1491 1499 1513 1523 1537 1549 1560 1574 1590 1601 1624 1616 1631 1647 1654 1636 1634 1644 1652 1649 1647 1648 1648 1652
1162 1170 1175 1184 1195 1209 1227 1249 1266 1287 1308 1329 1351 1371 1390 1402 1414 1420 1426 1433 1435 1437 1436 1435 1429 1423 1415 1409 1402 1398 1400 1401 1404 1405 1409 1410 1418 1423 1436 1429 1426 1421 1413 1413 1416 1419 1430 1415 1413 1417 1401 1388 1371 1360 1353 1344 1351 1381 1419 1446 1450 1450 1462 1479 1489 1496 1513 1522 1532 1547 1563 1572 1582 1597 1606 1605 1619 1632 1639 1627 1628 1643 1656 1649 1653 1658 1654 1653
1168 1173 1180 1185 1196 1213 1229 1250 1272 1293 1313 1337 1356 1376 1398 1414 1421 1426 1432 1435 1438 1438 1437 1433 1427 1419 1410 1400 1393 1392 1391 1394 1397 1400 1402 1407 1412 1419 1427 1435 1416 1417 1418 1419 1421 1418 1415 1409 1408 1413 1389 1377 1364 1354 1345 1342 1348 1373 1409 1432 1433 1443 1461 1477 1480 1495 1507 1520 1534 1552 1579 1586 1591 1597 1599 1605 1618 1616 1620 1623 1626 1638 1655 1652 1660 1664 1655 1661
1175 1180 1185 1190 1201 1215 1236 1256 1278 1297 1322 1341 1363 1381 1402 1415 1425 1430 1435 1438 1442 1439 1437 1434 1426 1418 1406 1396 1387 1384 1387 1388 1389 1397 1398 1404 1414 1420 1430 1419 1413 1415 1417 1419 1426 1417 1414 1406 1417 1407 1386 1373 1362 1351 1348 1343 1345 1360 1380 1410 1416 1429 1454 1467 1473 1488 1502 1518 1540 1560 1582 1597 1604 1599 1595 1605 1612 1614 1617 1623 1626 1635 1653 1657 1664 1670 1670 1667
1181 1189 1195 1203 1211 1227 1245 1264 1285 1305 1326 1348 1365 1385 1404 1417 1428 1434 1439 1443 1444 1443 1440 1437 1425 1418 1405 1394 1381 1378 1381 1385 1386 1392 1397 1401 1407 1417 1421 1415 1415 1419 1418 1421 1428 1420 1412 1407 1415 1400 1384 1370 1363 1352 1345 1346 1343 1351 1364 1383 1401 1417 1438 1449 1468 1494 1505 1518 1536 1562 1572 1590 1601 1597 1597 1605 1610 1617 1630 1646 1632 1640 1653 1664 1666 1666 1663 1671
1190 1195 1203 1213 1222 1236 1254 1274 1291 1313 1330 1350 1370 1388 1403 1418 1427 1437 1442 1445 1447 1449 1445 1438 1429 1419 1409 1395 1386 1380 1382 1384 1387 1390 1394 1400 1406 1415 1418 1425 1431 1424 1426 1423 1420 1423 1416 1414 1408 1402 1385 1374 1364 1350 1346 1341 1340 1342 1349 1365 1388 1403 1421 1449 1470 1505 1515 1529 1544 1557 1572 1588 1596 1596 1607 1622 1623 1628 1636 1669 1670 1668 1671 1656 1651 1658 1650 1656
1199 1207 1214 1222 1236 1249 1264 1282 1299 1318 1335 1356 1371 1388 1403 1415 1427 1438 1443 1447 1452 1451 1448 1444 1435 1424 1413 1399 1392 1388 1384 1383 1388 1395 1392 1396 1411 1413 1427 1427 1428 1427 1429 1428 1428 1427 1427 1422 1413 1404 1391 1380 1369 1354 1344 1341 1338 1341 1339 1348 1371 1391 1409 1440 1479 1502 1533 1535 1542 1556 1571 1588 1595 1605 1621 1631 1637 1647 1664 1677 1675 1666 1655 1654 1642 1646 1637 1640
1207 1218 1226 1235 1247 1259 1276 1288 1308 1324 1339 1359 1375 1391 1405 1417 1429 1438 1445 1453 1455 1457 1454 1449 1441 1431 1421 1407 1398 1389 1386 1388 1386 1390 1392 1395 1402 1412 1419 1425 1425 1430 1434 1435 1437 1441 1443 1430 1421 1410 1400 1390 1376 1363 1350 1338 1328 1323 1324 1333 1353 1376 1405 1436 1473 1503 1535 1551 1554 1565 1582 1597 1599 1616 1629 1642 1655 1671 1677 1672 1679 1676 1667 1649 1643 1632 1630 1626
1219 1225 1236 1246 1259 1272 1284 1300 1316 1330 1346 1362 1374 1390 1403 1416 1426 1439 1448 1456 1458 1461 1459 1456 1446 1435 1424 1413 1403 1395 1390 1387 1387 1387 1392 1394 1399 1410 1413 1423 1429 1441 1450 1448 1449 1453 1453 1443 1434 1425 1415 1401 1390 1372 1359 1340 1325 1314 1316 1321 1344 1370 1406 1440 1481 1511 1528 1557 1562 1573 1593 1598 1609 1625 1639 1655 1667 1690 1686 1675 1671 1672 1664 1662 1655 1640 1624 1614
1228 1235 1246 1256 1266 1279 1293 1308 1321 1336 1349 1365 1377 1392 1401 1413 1425 1434 1447 1456 1461 1468 1470 1463 1453 1443 1429 1415 1405 1396 1388 1388 1384 1387 1389 1392 1397 1405 1416 1429 1434 1447 1459 1462 1465 1459 1460 1458 1446 1439 1430 1417 1401 1385 1373 1352 1330 1307 1303 1313 1341 1376 1416 1457 1490 1519 1533 1562 1568 1583 1595 1608 1622 1632 1650 1668 1687 1689 1684 1684 1670 1657 1655 1651 1649 1642 1633 1616
1236 1245 1254 1264 1276 1290 1301 1313 1327 1342 1354 1364 1380 1390 1400 1412 1422 1433 1443 1455 1466 1475 1476 1472 1462 1445 1433 1419 1406 1397 1389 1383 1383 1383 1387 1389 1398 1404 1412 1423 1438 1455 1474 1483 1478 1478 1473 1469 1464 1458 1446 1435 1421 1405 1388 1369 1347 1322 1306 1322 1352 1392 1434 1483 1507 1524 1546 1566 1584 1599 1609 1623 1635 1646 1655 1665 1683 1689 1683 1684 1672 1660 1647 1639 1629 1636 1625 1622
1244 1253 1262 1273 1284 1294 1307 1320 1333 1346 1356 1368 1377 1388 1398 1407 1416 1427 1436 1451 1465 1480 1486 1480 1467 1448 1431 1415 1404 1395 1387 1382 1378 1381 1380 1384 1390 1397 1406 1419 1442 1471 1480 1484 1490 1489 1488 1487 1482 1478 1469 1457 1444 1427 1412 1396 1380 1358 1348 1357 1384 1421 1461 1507 1526 1542 1572 1584 1599 1617 1630 1643 1653 1660 1671 1681 1693 1693 1681 1684 1673 1653 1643 1632 1618 1623 1617 1601
