Supplementary Data SD3/Tympanoctomys/_bio12_arg.asc
ncols  480
nrows  799
xllcorner  -73.5
yllcorner  -55
cellsize 0.0416666666666667
NODATA_value  -9999
[rows 585 to 623 of 799, columns 0 to 87 of 480]
2150 2157 1995 1851 1805 1938 1831 1752 1587 1512 1564 1670 1623 1514 1382 1431 1277 1251 1234 1129 1123 1232 1340 1244 1189 1134 1044 892 913 923 936 904 860 799 743 670 634 611 588 568 547 523 494 473 454 437 418 398 378 361 345 329 314 298 285 272 258 248 238 230 222 215 206 201 194 192 189 184 181 180 177 176 175 175 174 175 173 175 175 174 174 175 174 174 175 175 177 182
2156 2084 1973 1791 1775 1760 1738 1513 1477 1449 1479 1613 1595 1649 1602 1551 1355 1191 1274 1300 1291 1248 1155 1039 1067 1077 1098 1094 1041 987 937 889 870 817 745 675 627 601 585 562 532 511 482 457 435 420 406 387 368 352 337 321 304 288 276 264 254 242 233 224 215 207 201 195 192 189 183 180 179 176 177 175 171 172 172 173 173 174 174 174 173 174 174 175 175 174 175 177
2023 1902 1983 1935 1866 1749 1625 1546 1737 1506 1438 1397 1392 1406 1425 1479 1515 1355 1341 1230 1157 1063 1029 1091 1039 1025 1018 1022 951 886 850 831 794 759 764 684 636 596 569 557 525 503 472 443 418 399 379 361 342 327 315 305 295 281 273 260 247 235 227 218 211 201 195 192 186 182 177 178 174 174 171 170 172 171 169 169 171 172 174 173 174 175 175 174 175 177 180 180
1968 1876 1861 1786 1692 1661 1784 1763 1651 1479 1471 1395 1375 1308 1293 1295 1463 1306 1170 1141 1082 1093 1022 1040 966 931 921 976 941 856 836 802 757 734 705 690 643 583 550 536 509 490 456 426 404 383 363 343 325 311 295 282 271 262 252 243 237 230 223 214 204 198 193 187 180 177 175 172 172 169 169 170 168 168 169 171 171 172 173 173 175 174 175 176 179 179 179 181
2060 1978 1933 1798 1722 1918 1857 1783 1628 1554 1493 1487 1343 1420 1239 1306 1426 1208 1176 1138 1059 1029 981 952 960 905 895 885 820 798 750 716 689 674 667 646 651 604 542 511 485 459 437 426 407 383 360 341 317 297 282 268 257 244 234 226 215 210 206 202 200 193 188 181 177 175 171 170 168 168 168 166 167 167 169 171 170 172 173 175 174 176 178 178 181 182 181 180
2050 2039 2003 1911 1814 1893 1633 1553 1594 1594 1518 1399 1444 1426 1422 1400 1421 1332 1219 1105 1047 982 957 928 921 871 846 822 780 755 732 708 687 662 630 603 596 604 564 527 508 471 447 431 408 385 353 329 303 287 273 260 245 233 223 216 207 201 191 185 182 183 180 178 174 169 168 166 166 164 163 166 167 167 168 170 171 173 173 174 175 177 179 182 183 184 183 182
1926 1977 1984 1964 1939 1907 1745 1750 1719 1505 1465 1418 1397 1370 1311 1257 1322 1381 1325 1190 1054 997 981 951 915 879 820 800 766 743 722 695 666 640 610 586 560 540 536 518 477 453 438 416 386 353 335 327 311 296 287 269 248 232 219 207 195 189 184 180 173 173 169 170 167 166 164 163 161 162 161 164 165 164 165 168 168 171 173 175 181 179 181 183 184 186 191 192
1956 1802 1805 1762 1835 1880 1680 1713 1753 1721 1611 1482 1326 1260 1206 1288 1201 1149 1272 1296 1096 1047 988 909 881 875 817 802 760 734 709 688 660 634 608 572 546 529 514 497 461 442 420 396 376 359 339 323 309 290 275 261 244 230 215 198 189 183 173 167 165 164 162 161 160 162 163 159 159 161 162 163 163 164 168 170 175 176 175 175 178 186 185 185 188 192 193 193
1906 1786 1712 1780 1706 1784 1798 1614 1501 1636 1549 1434 1303 1253 1260 1311 1316 1265 1242 1265 1110 968 934 894 880 876 833 793 782 731 703 674 658 626 589 571 572 548 513 485 454 426 402 380 362 343 326 313 297 286 271 260 249 240 218 197 182 173 167 162 160 159 156 156 156 156 156 158 158 160 160 162 162 164 168 170 173 178 183 184 188 190 193 189 190 191 194 196
1759 1644 1710 1749 1752 1550 1621 1747 1553 1545 1466 1349 1293 1322 1291 1226 1154 1133 1225 1237 1031 962 933 892 845 820 798 774 744 719 696 678 648 625 617 594 560 528 488 454 437 409 385 364 346 329 316 300 287 275 263 254 243 231 218 205 182 170 162 155 152 152 155 152 152 153 153 153 156 156 157 159 162 164 168 170 173 178 184 185 190 192 196 199 202 201 201 201
1730 1552 1714 1697 1594 1506 1589 1704 1581 1435 1484 1468 1366 1275 1196 1137 1139 1116 1194 1202 1036 963 897 902 843 806 784 773 759 738 736 713 677 645 610 573 527 483 444 430 397 367 365 352 330 319 304 293 277 265 257 246 236 227 218 207 199 175 159 151 150 150 149 149 150 152 152 152 154 159 159 161 166 170 170 170 172 177 183 191 196 199 203 207 209 212 216 219
1578 1487 1437 1473 1431 1413 1553 1626 1477 1362 1294 1316 1214 1258 1293 1134 1081 1066 1131 1176 1096 1029 923 893 835 798 845 846 800 750 721 689 646 603 556 518 489 456 427 402 380 360 336 328 312 294 289 279 271 260 250 239 228 222 212 206 193 175 161 151 149 149 149 148 149 151 151 152 155 159 158 159 161 170 172 177 176 184 188 189 193 198 202 206 212 220 224 225
1598 1435 1371 1327 1311 1326 1370 1509 1454 1333 1240 1315 1240 1161 1252 1195 1129 1144 1123 1134 1102 1063 1003 932 870 856 863 814 708 683 660 620 586 564 537 531 512 463 455 451 411 385 329 305 288 271 265 253 246 245 238 231 224 214 206 191 174 163 157 150 149 148 149 146 153 154 154 156 153 156 158 157 158 164 167 172 185 180 182 188 193 199 203 205 212 219 228 231
1564 1491 1412 1340 1312 1385 1370 1464 1472 1325 1249 1204 1231 1215 1122 1147 1156 1083 1017 1027 1047 1040 1002 960 920 880 839 742 690 662 637 608 603 591 561 558 526 495 498 468 431 387 330 298 280 266 252 242 230 224 216 210 202 192 182 173 166 159 155 152 148 146 144 144 148 149 149 150 151 154 156 157 157 165 167 171 173 176 182 185 193 200 202 212 214 218 221 230
1578 1540 1454 1373 1345 1449 1499 1474 1491 1315 1278 1252 1213 1282 1186 1091 1074 1015 982 1002 1043 1016 974 935 888 840 769 709 685 645 613 605 608 575 529 530 522 484 482 454 424 382 324 297 279 271 264 258 249 227 211 198 189 183 175 167 163 157 155 150 149 146 144 146 145 147 148 149 152 153 155 157 158 163 167 172 173 176 182 181 188 194 200 207 217 221 224 232
1590 1546 1485 1420 1359 1417 1452 1423 1485 1464 1384 1356 1315 1301 1256 1213 1180 1117 1075 1068 1034 994 949 900 847 776 721 693 672 634 604 585 579 550 516 487 473 445 430 423 389 343 307 313 308 278 299 299 295 268 250 216 207 201 192 183 174 170 161 155 150 150 146 146 145 148 148 149 151 152 154 156 159 167 168 167 170 176 181 184 186 191 194 208 220 227 232 240
1577 1519 1458 1394 1344 1410 1488 1473 1338 1361 1207 1176 1221 1215 1171 1152 1166 1136 1095 1052 1010 959 891 843 807 745 707 682 672 633 606 597 563 529 505 497 478 422 390 377 350 318 329 357 340 301 289 310 299 283 272 249 237 240 227 216 208 201 195 184 172 160 151 147 146 148 148 151 151 152 153 155 161 166 167 167 168 176 181 184 185 189 194 199 218 223 231 236
1562 1494 1435 1397 1347 1333 1350 1337 1253 1278 1192 1176 1193 1168 1137 1135 1134 1113 1067 1027 968 892 843 794 769 734 696 664 644 650 616 573 560 524 519 463 431 400 374 354 340 333 358 373 355 337 302 309 296 285 274 264 252 245 250 231 222 214 203 191 185 179 160 149 147 147 148 149 152 154 156 157 164 166 164 167 171 176 179 182 184 188 192 200 210 215 210 221
1562 1504 1430 1389 1343 1293 1277 1393 1308 1210 1185 1178 1158 1100 1093 1148 1106 1075 993 972 904 842 818 772 745 710 682 651 640 629 600 550 536 501 476 445 445 450 394 356 369 385 387 374 355 335 315 305 295 287 273 269 259 245 235 226 221 207 205 196 187 181 169 154 147 148 149 149 154 155 156 158 162 168 166 168 172 174 175 177 178 183 188 193 198 205 210 220
1552 1493 1427 1396 1371 1342 1398 1439 1381 1224 1191 1128 1100 1091 1119 1155 1066 1037 956 918 870 824 796 759 730 697 675 640 627 639 607 569 532 530 486 490 456 455 390 356 384 411 409 380 357 334 317 305 292 284 274 265 256 248 245 235 218 207 206 199 183 176 173 156 149 149 148 150 153 154 155 155 166 167 165 166 168 168 171 175 177 182 187 193 196 205 212 221
1538 1479 1405 1372 1390 1388 1403 1325 1384 1317 1200 1168 1096 1067 1090 1140 1078 999 925 885 847 811 782 746 716 688 662 638 608 604 599 554 505 539 487 504 477 462 425 368 382 403 413 380 367 341 322 306 295 284 272 257 249 247 239 238 218 205 201 192 185 175 165 154 149 151 151 151 152 154 155 156 164 159 164 166 167 169 171 176 177 181 187 193 198 206 213 220
1524 1455 1395 1415 1443 1443 1444 1413 1363 1360 1276 1229 1162 1099 1128 1113 1040 955 898 868 835 801 771 737 704 677 657 622 587 588 593 543 506 545 489 500 489 496 447 393 375 397 418 395 370 360 332 311 299 291 274 259 249 242 232 230 219 202 199 187 177 177 167 156 156 153 153 152 154 154 155 157 166 162 161 166 167 167 169 171 177 179 183 189 194 203 208 208
1513 1463 1421 1455 1456 1452 1433 1308 1280 1290 1180 1169 1177 1126 1068 1030 1024 957 893 858 828 795 761 729 695 664 640 607 576 554 536 503 508 542 449 493 450 485 449 408 376 403 419 448 411 367 343 319 301 279 266 253 244 232 225 215 203 200 193 188 183 168 160 156 152 151 152 153 153 154 155 156 161 161 161 166 167 168 169 172 175 177 181 185 192 197 203 204
1507 1457 1404 1445 1439 1468 1404 1323 1241 1221 1145 1111 1082 1043 1026 993 1004 950 884 847 816 784 756 725 695 672 640 602 577 547 516 493 469 452 432 443 465 450 429 372 361 388 430 438 395 366 339 316 300 271 258 245 235 221 215 204 200 193 187 184 182 165 155 153 151 153 152 154 155 155 156 160 163 162 164 164 165 169 169 172 174 178 181 184 192 197 202 205
1513 1476 1425 1441 1485 1436 1359 1368 1309 1215 1165 1125 1108 1098 1074 996 984 962 891 852 826 811 765 730 695 649 613 586 561 543 538 517 496 452 412 403 462 465 386 337 337 345 370 384 362 342 327 312 291 271 251 238 226 216 207 201 193 187 180 169 161 159 155 153 152 153 154 154 157 155 155 159 163 162 164 165 167 169 170 172 172 176 181 185 190 195 199 202
1479 1489 1483 1475 1394 1438 1296 1297 1296 1280 1238 1190 1134 1068 1039 1020 990 948 910 861 823 787 734 699 667 632 602 573 547 528 519 495 472 444 408 388 395 377 334 315 301 299 303 310 320 315 289 274 272 258 246 234 222 214 202 199 190 186 181 171 160 155 154 154 152 154 155 155 156 155 156 160 159 161 165 165 166 169 170 171 172 179 181 184 188 194 198 202
1410 1426 1491 1497 1471 1460 1339 1262 1241 1215 1144 1102 1069 1036 1010 997 939 894 855 822 811 767 723 690 659 636 597 579 569 549 535 500 462 457 404 414 360 341 324 309 295 282 269 257 248 239 230 224 217 220 223 231 221 213 202 197 188 183 177 170 164 159 157 153 154 153 155 155 155 158 160 159 160 164 163 166 168 169 170 171 172 179 181 185 190 191 198 201
1421 1408 1461 1482 1437 1467 1412 1283 1203 1183 1127 1092 1062 1026 1001 978 936 881 843 823 823 760 724 687 676 652 613 581 571 545 506 470 436 446 436 390 369 340 322 312 294 279 268 255 245 238 228 217 209 203 198 200 198 186 180 174 169 164 161 159 157 155 154 155 154 154 154 155 154 159 158 160 159 163 163 167 169 170 170 171 173 177 181 186 189 193 199 203
1455 1386 1394 1414 1425 1420 1414 1387 1225 1164 1147 1092 1069 1054 1052 1027 983 938 895 862 794 755 725 678 663 619 587 557 540 528 501 474 433 433 431 410 394 359 325 304 292 281 270 259 249 241 233 224 212 202 195 190 183 179 174 170 168 163 161 161 160 157 157 155 153 154 155 156 156 157 158 160 161 163 164 165 167 169 170 171 172 179 183 187 190 194 200 202
1499 1399 1373 1379 1352 1334 1311 1279 1320 1181 1199 1187 1164 1110 1058 1013 935 926 890 836 775 740 703 666 642 623 607 572 553 527 495 451 437 440 403 384 391 374 338 308 295 286 266 252 243 233 228 224 218 208 195 190 184 181 175 172 171 168 163 161 162 162 157 154 154 156 157 157 157 158 158 159 160 161 163 165 167 169 170 171 173 178 181 185 189 194 194 201
1524 1398 1404 1414 1364 1308 1303 1256 1256 1263 1161 1123 1098 1033 1026 986 908 874 853 820 769 735 695 683 659 636 587 546 551 526 474 450 485 453 448 386 377 370 341 310 288 280 265 267 263 248 235 216 211 213 211 204 196 189 179 173 171 168 167 164 161 159 158 156 158 157 158 158 157 158 159 160 161 161 163 165 168 168 170 170 174 180 181 184 187 190 192 196
1477 1448 1469 1404 1392 1372 1328 1235 1254 1153 1112 1071 1030 1043 1045 961 910 893 844 789 746 724 695 675 639 598 567 537 508 483 461 474 491 446 443 396 355 366 351 325 294 275 266 254 259 264 253 220 229 230 219 211 199 191 183 174 172 168 168 162 161 161 157 158 158 158 158 158 158 159 160 160 161 161 164 164 168 169 169 171 173 179 180 182 184 183 189 191
1456 1452 1516 1471 1367 1362 1291 1206 1210 1135 1106 1063 1033 1063 1005 926 902 873 814 779 741 709 678 650 630 588 554 528 507 480 457 485 439 403 378 358 342 345 351 335 310 277 265 258 245 237 233 245 238 227 215 204 194 186 180 176 170 168 168 162 161 160 159 159 159 158 157 158 157 160 160 160 162 162 166 168 170 168 168 171 172 175 176 179 180 181 187 190
1543 1499 1519 1510 1452 1424 1266 1219 1183 1136 1108 1061 1069 1092 1007 915 899 843 808 773 737 700 678 643 611 587 552 525 500 470 465 440 411 419 423 411 360 321 336 333 317 290 271 275 275 266 255 246 235 222 208 198 188 183 177 175 172 169 165 162 161 160 160 159 158 158 158 159 158 159 159 159 162 163 165 168 169 169 169 170 174 174 177 179 180 181 188 190
1560 1441 1440 1394 1338 1348 1358 1286 1219 1184 1160 1114 1056 989 1000 957 879 838 805 770 752 713 670 638 625 640 569 588 534 487 508 509 431 463 416 389 368 324 313 324 319 301 285 274 271 266 254 240 225 210 203 193 186 182 179 177 173 169 166 164 163 161 159 159 160 159 159 159 158 159 161 160 161 163 165 168 169 170 169 170 174 177 178 181 181 183 187 190
1604 1498 1470 1442 1390 1377 1335 1269 1250 1254 1170 1049 1011 973 961 950 875 850 791 758 751 719 665 631 631 639 640 655 633 504 528 506 481 447 406 409 360 344 323 298 301 302 289 278 267 259 241 224 215 204 194 190 186 181 179 174 172 171 171 169 165 161 160 160 160 159 159 159 161 160 160 162 161 163 166 168 169 170 170 172 174 178 179 180 181 184 184 187
1628 1555 1445 1431 1368 1331 1276 1212 1171 1191 1197 1087 1033 1026 975 955 877 827 791 761 716 721 724 631 592 596 629 694 659 523 493 449 455 475 456 423 373 331 318 302 280 270 265 256 245 240 225 215 209 202 194 191 188 183 180 182 178 173 172 166 164 162 161 160 160 160 161 160 161 160 160 160 161 164 168 169 171 170 171 174 175 178 181 182 184 184 184 184
1645 1579 1445 1392 1344 1312 1248 1222 1210 1209 1203 1150 1081 984 932 913 917 817 783 774 718 689 704 622 587 593 640 676 520 562 539 464 423 479 461 417 378 355 349 327 331 317 298 277 276 257 229 216 210 203 199 194 189 186 182 180 178 173 171 165 163 162 161 161 161 159 159 160 161 161 161 161 165 166 169 169 169 169 171 174 177 178 178 178 180 182 185 189
1583 1564 1461 1461 1426 1366 1308 1299 1302 1251 1208 1115 1028 961 925 888 898 818 782 778 727 680 661 612 597 593 566 551 539 599 565 465 420 457 457 403 398 383 400 416 398 368 332 300 266 241 240 225 210 208 199 196 190 186 183 177 178 173 170 167 163 162 161 160 160 159 159 161 162 162 161 163 165 166 168 169 169 169 172 176 176 178 179 178 180 183 182 187
